001:015:000:STREAM             1639132471.436064
 06 00 08 00 00 00 00 00

001:015:000:STREAM             1639132471.547961
 06 00 00 00 00 00 00 00

001:015:000:STREAM             1639132472.344061
 06 00 08 00 00 00 00 00

001:015:000:STREAM             1639132472.444196
 06 00 00 00 00 00 00 00

001:015:000:STREAM             1639132472.852032
 06 00 08 00 00 00 00 00

001:015:000:STREAM             1639132472.988164
 06 00 00 00 00 00 00 00

001:015:000:STREAM             1639132473.396135
 06 00 08 00 00 00 00 00

001:015:000:STREAM             1639132473.507975
 06 00 00 00 00 00 00 00

001:015:000:STREAM             1639132473.936003
 06 00 08 00 00 00 00 00

001:015:000:STREAM             1639132474.044108
 06 00 00 00 00 00 00 00

001:015:000:STREAM             1639132474.468196
 06 00 08 00 00 00 00 00

001:015:000:STREAM             1639132474.580121
 06 00 00 00 00 00 00 00

001:015:000:STREAM             1639132475.055966
 06 00 08 00 00 00 00 00

001:015:000:STREAM             1639132475.164040
 06 00 00 00 00 00 00 00

001:015:000:STREAM             1639132475.628193
 06 00 08 00 00 00 00 00

001:015:000:STREAM             1639132475.736203
 06 00 00 00 00 00 00 00

001:015:000:STREAM             1639132476.067977
 06 00 08 00 00 00 00 00

001:015:000:STREAM             1639132476.167978
 06 00 00 00 00 00 00 00

001:015:000:STREAM             1639132476.604124
 06 00 08 00 00 00 00 00

001:015:000:STREAM             1639132476.704205
 06 00 00 00 00 00 00 00

001:015:000:STREAM             1639132477.036211
 06 00 08 00 00 00 00 00

001:015:000:STREAM             1639132477.144210
 06 00 00 00 00 00 00 00

001:015:000:STREAM             1639132477.539957
 06 00 08 00 00 00 00 00

001:015:000:STREAM             1639132477.644177
 06 00 00 00 00 00 00 00

001:015:000:STREAM             1639132478.052172
 06 00 08 00 00 00 00 00

001:015:000:STREAM             1639132478.112112
 06 00 00 00 00 00 00 00

001:015:000:STREAM             1639132478.388125
 06 00 08 00 00 00 00 00

001:015:000:STREAM             1639132478.484212
 06 00 00 00 00 00 00 00

001:015:000:STREAM             1639132478.840197
 06 00 08 00 00 00 00 00

001:015:000:STREAM             1639132478.952002
 06 00 00 00 00 00 00 00

001:015:000:STREAM             1639132479.400220
 06 00 08 00 00 00 00 00

001:015:000:STREAM             1639132479.524012
 06 00 00 00 00 00 00 00

001:015:000:STREAM             1639132479.756189
 06 00 08 00 00 00 00 00

001:015:000:STREAM             1639132479.888193
 06 00 00 00 00 00 00 00

001:015:000:STREAM             1639132480.247996
 06 00 08 00 00 00 00 00

001:015:000:STREAM             1639132480.368222
 06 00 00 00 00 00 00 00

001:015:000:STREAM             1639132480.728233
 06 00 08 00 00 00 00 00

001:015:000:STREAM             1639132480.828211
 06 00 00 00 00 00 00 00

001:015:000:STREAM             1639132481.200217
 06 00 08 00 00 00 00 00

001:015:000:STREAM             1639132481.300213
 06 00 00 00 00 00 00 00

001:015:000:STREAM             1639132481.688218
 06 00 08 00 00 00 00 00

001:015:000:STREAM             1639132481.804217
 06 00 00 00 00 00 00 00

001:015:000:STREAM             1639132482.172084
 06 00 08 00 00 00 00 00

001:015:000:STREAM             1639132482.292219
 06 00 00 00 00 00 00 00

001:015:000:STREAM             1639132482.608142
 06 00 08 00 00 00 00 00

001:015:000:STREAM             1639132482.720228
 06 00 00 00 00 00 00 00

001:015:000:STREAM             1639132483.024171
 06 00 08 00 00 00 00 00

001:015:000:STREAM             1639132483.148216
 06 00 00 00 00 00 00 00

001:015:000:STREAM             1639132483.520102
 06 00 08 00 00 00 00 00

001:015:000:STREAM             1639132483.656113
 06 00 00 00 00 00 00 00

001:015:000:STREAM             1639132484.012060
 06 00 08 00 00 00 00 00

001:015:000:STREAM             1639132484.144145
 06 00 00 00 00 00 00 00

001:015:000:STREAM             1639132484.508219
 06 00 08 00 00 00 00 00

001:015:000:STREAM             1639132484.628230
 06 00 00 00 00 00 00 00

001:015:000:STREAM             1639132484.896098
 06 00 08 00 00 00 00 00

001:015:000:STREAM             1639132485.024064
 06 00 00 00 00 00 00 00

001:015:000:STREAM             1639132485.428243
 06 00 08 00 00 00 00 00

001:015:000:STREAM             1639132485.552146
 06 00 00 00 00 00 00 00

001:015:000:STREAM             1639132485.820241
 06 00 08 00 00 00 00 00

001:015:000:STREAM             1639132485.964261
 06 00 00 00 00 00 00 00

001:015:000:STREAM             1639132486.344259
 06 00 08 00 00 00 00 00

001:015:000:STREAM             1639132486.452225
 06 00 00 00 00 00 00 00

001:015:000:STREAM             1639132486.736240
 06 00 08 00 00 00 00 00

001:015:000:STREAM             1639132486.868229
 06 00 00 00 00 00 00 00

001:015:000:STREAM             1639132487.144169
 06 00 08 00 00 00 00 00

001:015:000:STREAM             1639132487.272257
 06 00 00 00 00 00 00 00

001:015:000:STREAM             1639132487.668236
 06 00 08 00 00 00 00 00

001:015:000:STREAM             1639132487.756145
 06 00 00 00 00 00 00 00

001:015:000:STREAM             1639132488.104190
 06 00 08 00 00 00 00 00

001:015:000:STREAM             1639132488.236242
 06 00 00 00 00 00 00 00

001:015:000:STREAM             1639132488.484240
 06 00 08 00 00 00 00 00

001:015:000:STREAM             1639132488.596003
 06 00 00 00 00 00 00 00

001:015:000:STREAM             1639132488.944254
 06 00 08 00 00 00 00 00

001:015:000:STREAM             1639132489.072241
 06 00 00 00 00 00 00 00

001:015:000:STREAM             1639132489.344264
 06 00 08 00 00 00 00 00

001:015:000:STREAM             1639132489.480053
 06 00 00 00 00 00 00 00

001:015:000:STREAM             1639132489.780249
 06 00 08 00 00 00 00 00

001:015:000:STREAM             1639132489.928264
 06 00 00 00 00 00 00 00

001:015:000:STREAM             1639132490.176269
 06 00 08 00 00 00 00 00

001:015:000:STREAM             1639132490.304173
 06 00 00 00 00 00 00 00

001:015:000:STREAM             1639132490.652180
 06 00 08 00 00 00 00 00

001:015:000:STREAM             1639132490.784263
 06 00 00 00 00 00 00 00

001:015:000:STREAM             1639132491.012087
 06 00 08 00 00 00 00 00

001:015:000:STREAM             1639132491.188227
 06 00 00 00 00 00 00 00

001:015:000:STREAM             1639132491.452282
 06 00 08 00 00 00 00 00

001:015:000:STREAM             1639132491.568002
 06 00 00 00 00 00 00 00

001:015:000:STREAM             1639132491.864251
 06 00 08 00 00 00 00 00

001:015:000:STREAM             1639132492.000227
 06 00 00 00 00 00 00 00

001:015:000:STREAM             1639132492.300277
 06 00 08 00 00 00 00 00

001:015:000:STREAM             1639132492.424241
 06 00 00 00 00 00 00 00

001:015:000:STREAM             1639132492.684249
 06 00 08 00 00 00 00 00

001:015:000:STREAM             1639132492.816266
 06 00 00 00 00 00 00 00

001:015:000:STREAM             1639132493.192262
 06 00 08 00 00 00 00 00

001:015:000:STREAM             1639132493.300146
 06 00 00 00 00 00 00 00

001:015:000:STREAM             1639132493.600112
 06 00 08 00 00 00 00 00

001:015:000:STREAM             1639132493.740267
 06 00 00 00 00 00 00 00

001:015:000:STREAM             1639132494.092269
 06 00 08 00 00 00 00 00

001:015:000:STREAM             1639132494.216269
 06 00 00 00 00 00 00 00

001:015:000:STREAM             1639132494.536168
 06 00 08 00 00 00 00 00

001:015:000:STREAM             1639132494.632263
 06 00 00 00 00 00 00 00

001:015:000:STREAM             1639132494.996274
 06 00 08 00 00 00 00 00

001:015:000:STREAM             1639132495.096261
 06 00 00 00 00 00 00 00

001:015:000:STREAM             1639132495.376291
 06 00 08 00 00 00 00 00

001:015:000:STREAM             1639132495.488068
 06 00 00 00 00 00 00 00

001:015:000:STREAM             1639132495.808289
 06 00 08 00 00 00 00 00

001:015:000:STREAM             1639132495.888167
 06 00 00 00 00 00 00 00

001:015:000:STREAM             1639132496.212295
 06 00 08 00 00 00 00 00

001:015:000:STREAM             1639132496.368138
 06 00 00 00 00 00 00 00

001:015:000:STREAM             1639132496.652272
 06 00 08 00 00 00 00 00

001:015:000:STREAM             1639132496.736279
 06 00 00 00 00 00 00 00

001:015:000:STREAM             1639132497.008130
 06 00 08 00 00 00 00 00

001:015:000:STREAM             1639132497.124278
 06 00 00 00 00 00 00 00

001:015:000:STREAM             1639132497.432302
 06 00 08 00 00 00 00 00

001:015:000:STREAM             1639132497.548154
 06 00 00 00 00 00 00 00

001:015:000:STREAM             1639132497.864273
 06 00 08 00 00 00 00 00

001:015:000:STREAM             1639132497.988289
 06 00 00 00 00 00 00 00

001:015:000:STREAM             1639132498.520265
 06 00 08 00 00 00 00 00

001:015:000:STREAM             1639132498.636296
 06 00 00 00 00 00 00 00

001:015:000:STREAM             1639132498.940298
 06 00 08 00 00 00 00 00

001:015:000:STREAM             1639132499.044274
 06 00 00 00 00 00 00 00

001:015:000:STREAM             1639132499.296226
 06 00 08 00 00 00 00 00

001:015:000:STREAM             1639132499.420165
 06 00 00 00 00 00 00 00

001:015:000:STREAM             1639132499.728279
 06 00 08 00 00 00 00 00

001:015:000:STREAM             1639132499.848279
 06 00 00 00 00 00 00 00

001:015:000:STREAM             1639132500.176310
 06 00 08 00 00 00 00 00

001:015:000:STREAM             1639132500.276298
 06 00 00 00 00 00 00 00

001:015:000:STREAM             1639132500.612302
 06 00 08 00 00 00 00 00

001:015:000:STREAM             1639132500.720291
 06 00 00 00 00 00 00 00

001:015:000:STREAM             1639132501.020116
 06 00 08 00 00 00 00 00

001:015:000:STREAM             1639132501.116267
 06 00 00 00 00 00 00 00

001:015:000:STREAM             1639132501.460075
 06 00 08 00 00 00 00 00

001:015:000:STREAM             1639132501.556176
 06 00 00 00 00 00 00 00

001:015:000:STREAM             1639132501.928268
 06 00 08 00 00 00 00 00

001:015:000:STREAM             1639132502.012099
 06 00 00 00 00 00 00 00

001:015:000:STREAM             1639132502.536168
 06 00 08 00 00 00 00 00

001:015:000:STREAM             1639132502.644257
 06 00 00 00 00 00 00 00

001:015:000:STREAM             1639132503.048168
 06 00 08 00 00 00 00 00

001:015:000:STREAM             1639132503.152250
 06 00 00 00 00 00 00 00

001:015:000:STREAM             1639132503.564188
 06 00 08 00 00 00 00 00

001:015:000:STREAM             1639132503.640135
 06 00 00 00 00 00 00 00

001:015:000:STREAM             1639132503.980265
 06 00 08 00 00 00 00 00

001:015:000:STREAM             1639132504.100257
 06 00 00 00 00 00 00 00

001:015:000:STREAM             1639132504.756270
 06 00 08 00 00 00 00 00

001:015:000:STREAM             1639132504.876256
 06 00 00 00 00 00 00 00

001:015:000:STREAM             1639132505.136170
 06 00 08 00 00 00 00 00

001:015:000:STREAM             1639132505.232191
 06 00 00 00 00 00 00 00

001:015:000:STREAM             1639132505.460169
 06 00 08 00 00 00 00 00

001:015:000:STREAM             1639132505.584188
 06 00 00 00 00 00 00 00

001:015:000:STREAM             1639132505.808270
 06 00 08 00 00 00 00 00

001:015:000:STREAM             1639132505.928272
 06 00 00 00 00 00 00 00

001:015:000:STREAM             1639132506.144279
 06 00 08 00 00 00 00 00

001:015:000:STREAM             1639132506.240265
 06 00 00 00 00 00 00 00

001:015:000:STREAM             1639132506.644291
 06 00 08 00 00 00 00 00

001:015:000:STREAM             1639132506.772286
 06 00 00 00 00 00 00 00

001:015:000:STREAM             1639132507.080284
 06 00 08 00 00 00 00 00

001:015:000:STREAM             1639132507.236115
 06 00 00 00 00 00 00 00

001:015:000:STREAM             1639132507.436266
 06 00 08 00 00 00 00 00

001:015:000:STREAM             1639132507.580192
 06 00 00 00 00 00 00 00

001:015:000:STREAM             1639132507.744292
 06 00 08 00 00 00 00 00

001:015:000:STREAM             1639132507.880283
 06 00 00 00 00 00 00 00

001:015:000:STREAM             1639132508.084202
 06 00 08 00 00 00 00 00

001:015:000:STREAM             1639132508.268269
 06 00 00 00 00 00 00 00

001:015:000:STREAM             1639132508.488293
 06 00 08 00 00 00 00 00

001:015:000:STREAM             1639132509.076274
 06 00 00 00 00 00 00 00

001:015:000:STREAM             1639132509.352286
 06 00 08 00 00 00 00 00

001:015:000:STREAM             1639132509.480097
 06 00 00 00 00 00 00 00

001:015:000:STREAM             1639132509.636314
 06 00 08 00 00 00 00 00

001:015:000:STREAM             1639132509.740329
 06 00 00 00 00 00 00 00

001:015:000:STREAM             1639132509.884195
 06 00 08 00 00 00 00 00

001:015:000:STREAM             1639132509.988213
 06 00 00 00 00 00 00 00

001:015:000:STREAM             1639132510.164332
 06 00 08 00 00 00 00 00

001:015:000:STREAM             1639132510.248324
 06 00 00 00 00 00 00 00

001:015:000:STREAM             1639132510.460328
 06 00 08 00 00 00 00 00

001:015:000:STREAM             1639132510.560323
 06 00 00 00 00 00 00 00

001:015:000:STREAM             1639132510.784386
 06 00 08 00 00 00 00 00

001:015:000:STREAM             1639132510.920256
 06 00 00 00 00 00 00 00

001:015:000:STREAM             1639132511.416346
 06 00 08 00 00 00 00 00

001:015:000:STREAM             1639132511.512138
 06 00 00 00 00 00 00 00

001:015:000:STREAM             1639132511.828325
 06 00 08 00 00 00 00 00

001:015:000:STREAM             1639132511.924328
 06 00 00 00 00 00 00 00

001:015:000:STREAM             1639132512.084323
 06 00 08 00 00 00 00 00

001:015:000:STREAM             1639132512.148247
 06 00 00 00 00 00 00 00

001:015:000:STREAM             1639132512.304213
 06 00 08 00 00 00 00 00

001:015:000:STREAM             1639132512.440320
 06 00 00 00 00 00 00 00

001:015:000:STREAM             1639132512.592328
 06 00 08 00 00 00 00 00

001:015:000:STREAM             1639132512.684326
 06 00 00 00 00 00 00 00

001:015:000:STREAM             1639132512.848333
 06 00 08 00 00 00 00 00

001:015:000:STREAM             1639132512.912322
 06 00 00 00 00 00 00 00

001:015:000:STREAM             1639132513.100203
 06 00 08 00 00 00 00 00

001:015:000:STREAM             1639132513.296329
 06 00 00 00 00 00 00 00

001:015:000:STREAM             1639132513.476194
 06 00 08 00 00 00 00 00

001:015:000:STREAM             1639132513.528087
 06 00 00 00 00 00 00 00

001:015:000:STREAM             1639132513.740332
 06 00 08 00 00 00 00 00

001:015:000:STREAM             1639132513.804226
 06 00 00 00 00 00 00 00

001:015:000:STREAM             1639132513.988406
 06 00 08 00 00 00 00 00

001:015:000:STREAM             1639132514.072338
 06 00 00 00 00 00 00 00

001:015:000:STREAM             1639132514.256242
 06 00 08 00 00 00 00 00

001:015:000:STREAM             1639132514.324336
 06 00 00 00 00 00 00 00

001:015:000:STREAM             1639132514.536198
 06 00 08 00 00 00 00 00

001:015:000:STREAM             1639132514.632305
 06 00 00 00 00 00 00 00

001:015:000:STREAM             1639132514.868176
 06 00 08 00 00 00 00 00

001:015:000:STREAM             1639132514.960292
 06 00 00 00 00 00 00 00

001:015:000:STREAM             1639132515.180288
 06 00 08 00 00 00 00 00

001:015:000:STREAM             1639132515.276123
 06 00 00 00 00 00 00 00

001:015:000:STREAM             1639132515.508097
 06 00 08 00 00 00 00 00

001:015:000:STREAM             1639132515.588225
 06 00 00 00 00 00 00 00

001:015:000:STREAM             1639132515.860309
 06 00 08 00 00 00 00 00

001:015:000:STREAM             1639132515.960303
 06 00 00 00 00 00 00 00

001:015:000:STREAM             1639132516.220301
 06 00 08 00 00 00 00 00

001:015:000:STREAM             1639132516.332308
 06 00 00 00 00 00 00 00

001:015:000:STREAM             1639132516.588300
 06 00 08 00 00 00 00 00

001:015:000:STREAM             1639132516.708310
 06 00 00 00 00 00 00 00

001:015:000:STREAM             1639132517.784335
 06 00 08 00 00 00 00 00

001:015:000:STREAM             1639132517.904301
 06 00 00 00 00 00 00 00

001:015:000:STREAM             1639132518.280320
 06 00 08 00 00 00 00 00

001:015:000:STREAM             1639132518.392311
 06 00 00 00 00 00 00 00

001:015:000:STREAM             1639132518.620204
 06 00 08 00 00 00 00 00

001:015:000:STREAM             1639132518.692306
 06 00 00 00 00 00 00 00

001:015:000:STREAM             1639132519.016244
 06 00 08 00 00 00 00 00

001:015:000:STREAM             1639132519.136315
 06 00 00 00 00 00 00 00

001:015:000:STREAM             1639132519.440310
 06 00 08 00 00 00 00 00

001:015:000:STREAM             1639132519.548239
 06 00 00 00 00 00 00 00

001:015:000:STREAM             1639132519.856326
 06 00 08 00 00 00 00 00

001:015:000:STREAM             1639132519.956317
 06 00 00 00 00 00 00 00

001:015:000:STREAM             1639132520.292326
 06 00 08 00 00 00 00 00

001:015:000:STREAM             1639132520.392223
 06 00 00 00 00 00 00 00

001:015:000:STREAM             1639132520.636224
 06 00 08 00 00 00 00 00

001:015:000:STREAM             1639132520.748326
 06 00 00 00 00 00 00 00

001:015:000:STREAM             1639132521.012168
 06 00 08 00 00 00 00 00

001:015:000:STREAM             1639132521.128316
 06 00 00 00 00 00 00 00

001:015:000:STREAM             1639132522.140331
 06 00 08 00 00 00 00 00

001:015:000:STREAM             1639132522.212294
 06 00 00 00 00 00 00 00

001:015:000:STREAM             1639132523.704316
 06 00 08 00 00 00 00 00

001:015:000:STREAM             1639132523.824340
 06 00 00 00 00 00 00 00

001:015:000:STREAM             1639132527.488258
 06 00 08 00 00 00 00 00

001:015:000:STREAM             1639132527.608139
 06 00 00 00 00 00 00 00

001:015:000:STREAM             1639132528.544297
 06 00 08 00 00 00 00 00

001:015:000:STREAM             1639132528.656398
 06 00 00 00 00 00 00 00

