001:015:000:STREAM             1639132610.872628
 06 05 1D 00 00 00 00 00

001:015:000:STREAM             1639132611.004492
 06 00 00 00 00 00 00 00

001:015:000:STREAM             1639132611.336666
 06 05 1D 00 00 00 00 00

001:015:000:STREAM             1639132611.484616
 06 00 00 00 00 00 00 00

001:015:000:STREAM             1639132611.844624
 06 05 1D 00 00 00 00 00

001:015:000:STREAM             1639132611.976597
 06 00 00 00 00 00 00 00

001:015:000:STREAM             1639132612.320697
 06 05 1D 00 00 00 00 00

001:015:000:STREAM             1639132612.456719
 06 00 00 00 00 00 00 00

001:015:000:STREAM             1639132612.808686
 06 05 1D 00 00 00 00 00

001:015:000:STREAM             1639132612.912499
 06 00 00 00 00 00 00 00

001:015:000:STREAM             1639132613.300633
 06 05 1D 00 00 00 00 00

001:015:000:STREAM             1639132613.412644
 06 00 00 00 00 00 00 00

001:015:000:STREAM             1639132613.868633
 06 05 1D 00 00 00 00 00

001:015:000:STREAM             1639132613.960485
 06 00 00 00 00 00 00 00

001:015:000:STREAM             1639132614.400621
 06 05 1D 00 00 00 00 00

001:015:000:STREAM             1639132614.504639
 06 00 00 00 00 00 00 00

001:015:000:STREAM             1639132614.916487
 06 05 1D 00 00 00 00 00

001:015:000:STREAM             1639132615.004491
 06 00 00 00 00 00 00 00

001:015:000:STREAM             1639132615.396591
 06 05 1D 00 00 00 00 00

001:015:000:STREAM             1639132615.512575
 06 00 00 00 00 00 00 00

001:015:000:STREAM             1639132615.876599
 06 05 1D 00 00 00 00 00

001:015:000:STREAM             1639132615.988571
 06 00 00 00 00 00 00 00

001:015:000:STREAM             1639132616.424678
 06 05 1D 00 00 00 00 00

001:015:000:STREAM             1639132616.512583
 06 00 00 00 00 00 00 00

001:015:000:STREAM             1639132616.916489
 06 05 1D 00 00 00 00 00

001:015:000:STREAM             1639132617.008474
 06 00 00 00 00 00 00 00

001:015:000:STREAM             1639132617.428606
 06 05 1D 00 00 00 00 00

001:015:000:STREAM             1639132617.504599
 06 00 00 00 00 00 00 00

001:015:000:STREAM             1639132617.892583
 06 05 1D 00 00 00 00 00

001:015:000:STREAM             1639132618.012489
 06 00 00 00 00 00 00 00

001:015:000:STREAM             1639132618.400695
 06 05 1D 00 00 00 00 00

001:015:000:STREAM             1639132618.484572
 06 00 00 00 00 00 00 00

001:015:000:STREAM             1639132618.900620
 06 05 1D 00 00 00 00 00

001:015:000:STREAM             1639132618.996465
 06 00 00 00 00 00 00 00

001:015:000:STREAM             1639132619.452597
 06 05 1D 00 00 00 00 00

001:015:000:STREAM             1639132619.556605
 06 00 00 00 00 00 00 00

001:015:000:STREAM             1639132619.936688
 06 05 1D 00 00 00 00 00

001:015:000:STREAM             1639132620.040594
 06 00 00 00 00 00 00 00

001:015:000:STREAM             1639132620.456693
 06 05 1D 00 00 00 00 00

001:015:000:STREAM             1639132620.548588
 06 00 00 00 00 00 00 00

001:015:000:STREAM             1639132621.228632
 06 05 1D 00 00 00 00 00

001:015:000:STREAM             1639132621.328606
 06 00 00 00 00 00 00 00

001:015:000:STREAM             1639132621.644604
 06 05 1D 00 00 00 00 00

001:015:000:STREAM             1639132621.784625
 06 00 00 00 00 00 00 00

001:015:000:STREAM             1639132622.300720
 06 05 1D 00 00 00 00 00

001:015:000:STREAM             1639132622.420597
 06 00 00 00 00 00 00 00

001:015:000:STREAM             1639132622.776711
 06 05 1D 00 00 00 00 00

001:015:000:STREAM             1639132622.868611
 06 00 00 00 00 00 00 00

001:015:000:STREAM             1639132623.288691
 06 05 1D 00 00 00 00 00

001:015:000:STREAM             1639132623.416698
 06 00 00 00 00 00 00 00

001:015:000:STREAM             1639132623.784713
 06 05 1D 00 00 00 00 00

001:015:000:STREAM             1639132623.880598
 06 00 00 00 00 00 00 00

001:015:000:STREAM             1639132624.272561
 06 05 1D 00 00 00 00 00

001:015:000:STREAM             1639132624.388601
 06 00 00 00 00 00 00 00

001:015:000:STREAM             1639132624.744723
 06 05 1D 00 00 00 00 00

001:015:000:STREAM             1639132624.864627
 06 00 00 00 00 00 00 00

001:015:000:STREAM             1639132625.348708
 06 05 1D 00 00 00 00 00

001:015:000:STREAM             1639132625.476594
 06 00 00 00 00 00 00 00

001:015:000:STREAM             1639132625.756707
 06 05 1D 00 00 00 00 00

001:015:000:STREAM             1639132625.872605
 06 00 00 00 00 00 00 00

001:015:000:STREAM             1639132626.244723
 06 05 1D 00 00 00 00 00

001:015:000:STREAM             1639132626.348620
 06 00 00 00 00 00 00 00

001:015:000:STREAM             1639132626.732712
 06 05 1D 00 00 00 00 00

001:015:000:STREAM             1639132626.832718
 06 00 00 00 00 00 00 00

001:015:000:STREAM             1639132627.160608
 06 05 1D 00 00 00 00 00

001:015:000:STREAM             1639132627.236711
 06 00 00 00 00 00 00 00

001:015:000:STREAM             1639132627.600755
 06 05 1D 00 00 00 00 00

001:015:000:STREAM             1639132627.680714
 06 00 00 00 00 00 00 00

001:015:000:STREAM             1639132628.092717
 06 05 1D 00 00 00 00 00

001:015:000:STREAM             1639132628.204576
 06 00 00 00 00 00 00 00

001:015:000:STREAM             1639132628.456732
 06 05 1D 00 00 00 00 00

001:015:000:STREAM             1639132628.532608
 06 00 00 00 00 00 00 00

001:015:000:STREAM             1639132628.944513
 06 05 1D 00 00 00 00 00

001:015:000:STREAM             1639132629.064588
 06 00 00 00 00 00 00 00

001:015:000:STREAM             1639132629.412631
 06 05 1D 00 00 00 00 00

001:015:000:STREAM             1639132629.544619
 06 00 00 00 00 00 00 00

001:015:000:STREAM             1639132629.924737
 06 05 1D 00 00 00 00 00

001:015:000:STREAM             1639132630.048626
 06 00 00 00 00 00 00 00

001:015:000:STREAM             1639132630.428738
 06 05 1D 00 00 00 00 00

001:015:000:STREAM             1639132630.532623
 06 00 00 00 00 00 00 00

001:015:000:STREAM             1639132630.896607
 06 05 1D 00 00 00 00 00

001:015:000:STREAM             1639132631.012567
 06 00 00 00 00 00 00 00

001:015:000:STREAM             1639132631.432601
 06 05 1D 00 00 00 00 00

001:015:000:STREAM             1639132631.544732
 06 00 00 00 00 00 00 00

001:015:000:STREAM             1639132631.880586
 06 05 1D 00 00 00 00 00

001:015:000:STREAM             1639132632.016590
 06 00 00 00 00 00 00 00

001:015:000:STREAM             1639132632.424777
 06 05 1D 00 00 00 00 00

001:015:000:STREAM             1639132632.500685
 06 00 00 00 00 00 00 00

001:015:000:STREAM             1639132632.952573
 06 05 1D 00 00 00 00 00

001:015:000:STREAM             1639132633.084644
 06 00 00 00 00 00 00 00

001:015:000:STREAM             1639132633.356708
 06 05 1D 00 00 00 00 00

001:015:000:STREAM             1639132633.484681
 06 00 00 00 00 00 00 00

001:015:000:STREAM             1639132633.804696
 06 05 1D 00 00 00 00 00

001:015:000:STREAM             1639132633.908657
 06 00 00 00 00 00 00 00

001:015:000:STREAM             1639132634.256695
 06 05 1D 00 00 00 00 00

001:015:000:STREAM             1639132634.372672
 06 00 00 00 00 00 00 00

001:015:000:STREAM             1639132634.720781
 06 05 1D 00 00 00 00 00

001:015:000:STREAM             1639132634.848585
 06 00 00 00 00 00 00 00

001:015:000:STREAM             1639132635.192687
 06 05 1D 00 00 00 00 00

001:015:000:STREAM             1639132635.300657
 06 00 00 00 00 00 00 00

001:015:000:STREAM             1639132635.676801
 06 05 1D 00 00 00 00 00

001:015:000:STREAM             1639132635.796774
 06 00 00 00 00 00 00 00

001:015:000:STREAM             1639132636.152664
 06 05 1D 00 00 00 00 00

001:015:000:STREAM             1639132636.292812
 06 00 00 00 00 00 00 00

001:015:000:STREAM             1639132636.532573
 06 05 1D 00 00 00 00 00

001:015:000:STREAM             1639132636.648644
 06 00 00 00 00 00 00 00

001:015:000:STREAM             1639132636.944566
 06 05 1D 00 00 00 00 00

001:015:000:STREAM             1639132637.064676
 06 00 00 00 00 00 00 00

001:015:000:STREAM             1639132637.412793
 06 05 1D 00 00 00 00 00

001:015:000:STREAM             1639132637.516784
 06 00 00 00 00 00 00 00

001:015:000:STREAM             1639132637.808663
 06 05 1D 00 00 00 00 00

001:015:000:STREAM             1639132637.924639
 06 00 00 00 00 00 00 00

001:015:000:STREAM             1639132638.224664
 06 05 1D 00 00 00 00 00

001:015:000:STREAM             1639132638.348680
 06 00 00 00 00 00 00 00

001:015:000:STREAM             1639132638.712799
 06 05 1D 00 00 00 00 00

001:015:000:STREAM             1639132638.840826
 06 00 00 00 00 00 00 00

001:015:000:STREAM             1639132639.164818
 06 05 1D 00 00 00 00 00

001:015:000:STREAM             1639132639.288676
 06 00 00 00 00 00 00 00

001:015:000:STREAM             1639132639.552795
 06 05 1D 00 00 00 00 00

001:015:000:STREAM             1639132639.712734
 06 00 00 00 00 00 00 00

001:015:000:STREAM             1639132640.020709
 06 05 1D 00 00 00 00 00

001:015:000:STREAM             1639132640.152665
 06 00 00 00 00 00 00 00

001:015:000:STREAM             1639132640.476731
 06 05 1D 00 00 00 00 00

001:015:000:STREAM             1639132640.588799
 06 00 00 00 00 00 00 00

001:015:000:STREAM             1639132640.860743
 06 05 1D 00 00 00 00 00

001:015:000:STREAM             1639132640.976614
 06 00 00 00 00 00 00 00

001:015:000:STREAM             1639132641.308630
 06 05 1D 00 00 00 00 00

001:015:000:STREAM             1639132641.428814
 06 00 00 00 00 00 00 00

001:015:000:STREAM             1639132641.740739
 06 05 1D 00 00 00 00 00

001:015:000:STREAM             1639132641.856691
 06 00 00 00 00 00 00 00

001:015:000:STREAM             1639132642.312805
 06 05 1D 00 00 00 00 00

001:015:000:STREAM             1639132642.404732
 06 00 00 00 00 00 00 00

001:015:000:STREAM             1639132642.664818
 06 05 1D 00 00 00 00 00

001:015:000:STREAM             1639132642.776805
 06 00 00 00 00 00 00 00

001:015:000:STREAM             1639132643.136714
 06 05 1D 00 00 00 00 00

001:015:000:STREAM             1639132643.268811
 06 00 00 00 00 00 00 00

001:015:000:STREAM             1639132643.580712
 06 05 1D 00 00 00 00 00

001:015:000:STREAM             1639132643.688788
 06 00 00 00 00 00 00 00

001:015:000:STREAM             1639132643.976693
 06 05 1D 00 00 00 00 00

001:015:000:STREAM             1639132644.072701
 06 00 00 00 00 00 00 00

001:015:000:STREAM             1639132644.324744
 06 05 1D 00 00 00 00 00

001:015:000:STREAM             1639132644.456818
 06 00 00 00 00 00 00 00

001:015:000:STREAM             1639132644.792742
 06 05 1D 00 00 00 00 00

001:015:000:STREAM             1639132644.884708
 06 00 00 00 00 00 00 00

001:015:000:STREAM             1639132645.216753
 06 05 1D 00 00 00 00 00

001:015:000:STREAM             1639132645.308749
 06 00 00 00 00 00 00 00

001:015:000:STREAM             1639132645.700835
 06 05 1D 00 00 00 00 00

001:015:000:STREAM             1639132645.804753
 06 00 00 00 00 00 00 00

001:015:000:STREAM             1639132646.168745
 06 05 1D 00 00 00 00 00

001:015:000:STREAM             1639132646.288695
 06 00 00 00 00 00 00 00

001:015:000:STREAM             1639132646.584772
 06 05 1D 00 00 00 00 00

001:015:000:STREAM             1639132646.688691
 06 00 00 00 00 00 00 00

001:015:000:STREAM             1639132646.952598
 06 05 1D 00 00 00 00 00

001:015:000:STREAM             1639132647.036680
 06 00 00 00 00 00 00 00

001:015:000:STREAM             1639132647.392750
 06 05 1D 00 00 00 00 00

001:015:000:STREAM             1639132647.520859
 06 00 00 00 00 00 00 00

001:015:000:STREAM             1639132647.796842
 06 05 1D 00 00 00 00 00

001:015:000:STREAM             1639132647.912762
 06 00 00 00 00 00 00 00

001:015:000:STREAM             1639132648.232730
 06 05 1D 00 00 00 00 00

001:015:000:STREAM             1639132648.328742
 06 00 00 00 00 00 00 00

001:015:000:STREAM             1639132648.624693
 06 05 1D 00 00 00 00 00

001:015:000:STREAM             1639132648.748769
 06 00 00 00 00 00 00 00

001:015:000:STREAM             1639132649.016673
 06 05 1D 00 00 00 00 00

001:015:000:STREAM             1639132649.120759
 06 00 00 00 00 00 00 00

001:015:000:STREAM             1639132649.428751
 06 05 1D 00 00 00 00 00

001:015:000:STREAM             1639132649.540751
 06 00 00 00 00 00 00 00

001:015:000:STREAM             1639132649.880757
 06 05 1D 00 00 00 00 00

001:015:000:STREAM             1639132649.988751
 06 00 00 00 00 00 00 00

001:015:000:STREAM             1639132650.304849
 06 05 1D 00 00 00 00 00

001:015:000:STREAM             1639132650.400741
 06 00 00 00 00 00 00 00

001:015:000:STREAM             1639132650.708715
 06 05 1D 00 00 00 00 00

001:015:000:STREAM             1639132650.800849
 06 00 00 00 00 00 00 00

001:015:000:STREAM             1639132651.072762
 06 05 1D 00 00 00 00 00

001:015:000:STREAM             1639132651.188686
 06 00 00 00 00 00 00 00

001:015:000:STREAM             1639132651.456865
 06 05 1D 00 00 00 00 00

001:015:000:STREAM             1639132651.576749
 06 00 00 00 00 00 00 00

001:015:000:STREAM             1639132651.880768
 06 05 1D 00 00 00 00 00

001:015:000:STREAM             1639132651.968793
 06 00 00 00 00 00 00 00

001:015:000:STREAM             1639132652.288831
 06 05 1D 00 00 00 00 00

001:015:000:STREAM             1639132652.360756
 06 00 00 00 00 00 00 00

001:015:000:STREAM             1639132652.700833
 06 05 1D 00 00 00 00 00

001:015:000:STREAM             1639132652.776724
 06 00 00 00 00 00 00 00

001:015:000:STREAM             1639132653.044792
 06 05 1D 00 00 00 00 00

001:015:000:STREAM             1639132653.140855
 06 00 00 00 00 00 00 00

001:015:000:STREAM             1639132653.460858
 06 05 1D 00 00 00 00 00

001:015:000:STREAM             1639132653.536873
 06 00 00 00 00 00 00 00

001:015:000:STREAM             1639132653.776844
 06 05 1D 00 00 00 00 00

001:015:000:STREAM             1639132653.896772
 06 00 00 00 00 00 00 00

001:015:000:STREAM             1639132654.212876
 06 05 1D 00 00 00 00 00

001:015:000:STREAM             1639132654.296846
 06 00 00 00 00 00 00 00

001:015:000:STREAM             1639132654.564725
 06 05 1D 00 00 00 00 00

001:015:000:STREAM             1639132654.660737
 06 00 00 00 00 00 00 00

001:015:000:STREAM             1639132654.948637
 06 05 1D 00 00 00 00 00

001:015:000:STREAM             1639132655.040749
 06 00 00 00 00 00 00 00

001:015:000:STREAM             1639132655.308706
 06 05 1D 00 00 00 00 00

001:015:000:STREAM             1639132655.412815
 06 00 00 00 00 00 00 00

001:015:000:STREAM             1639132655.740749
 06 05 1D 00 00 00 00 00

001:015:000:STREAM             1639132655.836736
 06 00 00 00 00 00 00 00

001:015:000:STREAM             1639132656.136810
 06 05 1D 00 00 00 00 00

001:015:000:STREAM             1639132656.196813
 06 00 00 00 00 00 00 00

001:015:000:STREAM             1639132656.468757
 06 05 1D 00 00 00 00 00

001:015:000:STREAM             1639132656.568753
 06 00 00 00 00 00 00 00

001:015:000:STREAM             1639132656.856752
 06 05 1D 00 00 00 00 00

001:015:000:STREAM             1639132656.936638
 06 00 00 00 00 00 00 00

001:015:000:STREAM             1639132657.236737
 06 05 1D 00 00 00 00 00

001:015:000:STREAM             1639132657.316834
 06 00 00 00 00 00 00 00

001:015:000:STREAM             1639132657.564834
 06 05 1D 00 00 00 00 00

001:015:000:STREAM             1639132657.696835
 06 00 00 00 00 00 00 00

001:015:000:STREAM             1639132657.984610
 06 05 1D 00 00 00 00 00

001:015:000:STREAM             1639132658.040704
 06 00 00 00 00 00 00 00

001:015:000:STREAM             1639132658.396831
 06 05 1D 00 00 00 00 00

001:015:000:STREAM             1639132658.488750
 06 00 00 00 00 00 00 00

001:015:000:STREAM             1639132658.752843
 06 05 1D 00 00 00 00 00

001:015:000:STREAM             1639132658.856827
 06 00 00 00 00 00 00 00

001:015:000:STREAM             1639132659.148830
 06 05 1D 00 00 00 00 00

001:015:000:STREAM             1639132659.256750
 06 00 00 00 00 00 00 00

001:015:000:STREAM             1639132659.536743
 06 05 1D 00 00 00 00 00

001:015:000:STREAM             1639132659.632762
 06 00 00 00 00 00 00 00

001:015:000:STREAM             1639132659.920834
 06 05 1D 00 00 00 00 00

001:015:000:STREAM             1639132660.032747
 06 00 00 00 00 00 00 00

001:015:000:STREAM             1639132660.300734
 06 05 1D 00 00 00 00 00

001:015:000:STREAM             1639132660.408831
 06 00 00 00 00 00 00 00

001:015:000:STREAM             1639132660.664843
 06 05 1D 00 00 00 00 00

001:015:000:STREAM             1639132660.776758
 06 00 00 00 00 00 00 00

001:015:000:STREAM             1639132661.064733
 06 05 1D 00 00 00 00 00

001:015:000:STREAM             1639132661.164862
 06 00 00 00 00 00 00 00

001:015:000:STREAM             1639132661.616839
 06 05 1D 00 00 00 00 00

001:015:000:STREAM             1639132661.700753
 06 00 00 00 00 00 00 00

001:015:000:STREAM             1639132661.964721
 06 05 1D 00 00 00 00 00

001:015:000:STREAM             1639132662.096849
 06 00 00 00 00 00 00 00

001:015:000:STREAM             1639132662.332845
 06 05 1D 00 00 00 00 00

001:015:000:STREAM             1639132662.440832
 06 00 00 00 00 00 00 00

001:015:000:STREAM             1639132662.692841
 06 05 1D 00 00 00 00 00

001:015:000:STREAM             1639132662.804866
 06 00 00 00 00 00 00 00

001:015:000:STREAM             1639132663.080753
 06 05 1D 00 00 00 00 00

001:015:000:STREAM             1639132663.180758
 06 00 00 00 00 00 00 00

001:015:000:STREAM             1639132663.408857
 06 05 1D 00 00 00 00 00

001:015:000:STREAM             1639132663.548842
 06 00 00 00 00 00 00 00

001:015:000:STREAM             1639132663.832757
 06 05 1D 00 00 00 00 00

001:015:000:STREAM             1639132663.940748
 06 00 00 00 00 00 00 00

001:015:000:STREAM             1639132664.208874
 06 05 1D 00 00 00 00 00

001:015:000:STREAM             1639132664.308749
 06 00 00 00 00 00 00 00

001:015:000:STREAM             1639132664.568860
 06 05 1D 00 00 00 00 00

001:015:000:STREAM             1639132664.664870
 06 00 00 00 00 00 00 00

001:015:000:STREAM             1639132664.928669
 06 05 1D 00 00 00 00 00

001:015:000:STREAM             1639132665.044805
 06 00 00 00 00 00 00 00

001:015:000:STREAM             1639132665.328848
 06 05 1D 00 00 00 00 00

001:015:000:STREAM             1639132665.388798
 06 00 00 00 00 00 00 00

001:015:000:STREAM             1639132665.688903
 06 05 1D 00 00 00 00 00

001:015:000:STREAM             1639132665.820832
 06 00 00 00 00 00 00 00

001:015:000:STREAM             1639132666.104903
 06 05 1D 00 00 00 00 00

001:015:000:STREAM             1639132666.196779
 06 00 00 00 00 00 00 00

001:015:000:STREAM             1639132666.476898
 06 05 1D 00 00 00 00 00

001:015:000:STREAM             1639132666.544804
 06 00 00 00 00 00 00 00

001:015:000:STREAM             1639132666.812802
 06 05 1D 00 00 00 00 00

001:015:000:STREAM             1639132666.932677
 06 00 00 00 00 00 00 00

001:015:000:STREAM             1639132667.212848
 06 05 1D 00 00 00 00 00

001:015:000:STREAM             1639132667.288762
 06 00 00 00 00 00 00 00

001:015:000:STREAM             1639132667.532882
 06 05 1D 00 00 00 00 00

001:015:000:STREAM             1639132667.640852
 06 00 00 00 00 00 00 00

001:015:000:STREAM             1639132667.924865
 06 05 1D 00 00 00 00 00

001:015:000:STREAM             1639132668.040765
 06 00 00 00 00 00 00 00

001:015:000:STREAM             1639132668.316781
 06 05 1D 00 00 00 00 00

001:015:000:STREAM             1639132668.380875
 06 00 00 00 00 00 00 00

001:015:000:STREAM             1639132668.652810
 06 05 1D 00 00 00 00 00

001:015:000:STREAM             1639132668.764867
 06 00 00 00 00 00 00 00

001:015:000:STREAM             1639132669.028783
 06 05 1D 00 00 00 00 00

001:015:000:STREAM             1639132669.132877
 06 00 00 00 00 00 00 00

