001:015:000:STREAM             1639130712.821431
 06 01 57 00 00 00 00 00

001:015:000:STREAM             1639130712.953444
 06 00 00 00 00 00 00 00

001:015:000:STREAM             1639130713.733396
 06 01 57 00 00 00 00 00

001:015:000:STREAM             1639130713.829417
 06 00 00 00 00 00 00 00

001:015:000:STREAM             1639130714.585411
 06 01 57 00 00 00 00 00

001:015:000:STREAM             1639130714.677415
 06 00 00 00 00 00 00 00

001:015:000:STREAM             1639130715.429440
 06 01 57 00 00 00 00 00

001:015:000:STREAM             1639130715.521466
 06 00 00 00 00 00 00 00

001:015:000:STREAM             1639130716.329433
 06 01 57 00 00 00 00 00

001:015:000:STREAM             1639130716.421368
 06 00 00 00 00 00 00 00

001:015:000:STREAM             1639130717.209444
 06 01 57 00 00 00 00 00

001:015:000:STREAM             1639130717.297396
 06 00 00 00 00 00 00 00

001:015:000:STREAM             1639130717.909454
 06 01 57 00 00 00 00 00

001:015:000:STREAM             1639130718.013214
 06 00 00 00 00 00 00 00

001:015:000:STREAM             1639130718.637400
 06 01 57 00 00 00 00 00

001:015:000:STREAM             1639130718.733416
 06 00 00 00 00 00 00 00

001:015:000:STREAM             1639130719.385351
 06 01 57 00 00 00 00 00

001:015:000:STREAM             1639130719.477405
 06 00 00 00 00 00 00 00

001:015:000:STREAM             1639130720.085426
 06 01 57 00 00 00 00 00

001:015:000:STREAM             1639130720.173427
 06 00 00 00 00 00 00 00

001:015:000:STREAM             1639130720.737470
 06 01 57 00 00 00 00 00

001:015:000:STREAM             1639130720.833459
 06 00 00 00 00 00 00 00

001:015:000:STREAM             1639130721.309368
 06 01 57 00 00 00 00 00

001:015:000:STREAM             1639130721.413457
 06 00 00 00 00 00 00 00

001:015:000:STREAM             1639130721.893351
 06 01 57 00 00 00 00 00

001:015:000:STREAM             1639130721.981448
 06 00 00 00 00 00 00 00

001:015:000:STREAM             1639130722.441466
 06 01 57 00 00 00 00 00

001:015:000:STREAM             1639130722.517408
 06 00 00 00 00 00 00 00

001:015:000:STREAM             1639130722.977246
 06 01 57 00 00 00 00 00

001:015:000:STREAM             1639130723.069357
 06 00 00 00 00 00 00 00

001:015:000:STREAM             1639130723.481346
 06 01 57 00 00 00 00 00

001:015:000:STREAM             1639130723.557321
 06 00 00 00 00 00 00 00

001:015:000:STREAM             1639130723.973394
 06 01 57 00 00 00 00 00

001:015:000:STREAM             1639130724.061445
 06 00 00 00 00 00 00 00

001:015:000:STREAM             1639130724.465490
 06 01 57 00 00 00 00 00

001:015:000:STREAM             1639130724.533439
 06 00 00 00 00 00 00 00

001:015:000:STREAM             1639130724.941465
 06 01 57 00 00 00 00 00

001:015:000:STREAM             1639130725.045265
 06 00 00 00 00 00 00 00

001:015:000:STREAM             1639130725.417476
 06 01 57 00 00 00 00 00

001:015:000:STREAM             1639130725.505435
 06 00 00 00 00 00 00 00

001:015:000:STREAM             1639130725.869488
 06 01 57 00 00 00 00 00

001:015:000:STREAM             1639130725.973369
 06 00 00 00 00 00 00 00

001:015:000:STREAM             1639130726.325469
 06 01 57 00 00 00 00 00

001:015:000:STREAM             1639130726.425461
 06 00 00 00 00 00 00 00

001:015:000:STREAM             1639130726.809485
 06 01 57 00 00 00 00 00

001:015:000:STREAM             1639130726.897446
 06 00 00 00 00 00 00 00

001:015:000:STREAM             1639130727.265326
 06 01 57 00 00 00 00 00

001:015:000:STREAM             1639130727.353425
 06 00 00 00 00 00 00 00

001:015:000:STREAM             1639130727.705287
 06 01 57 00 00 00 00 00

001:015:000:STREAM             1639130727.793382
 06 00 00 00 00 00 00 00

001:015:000:STREAM             1639130728.141426
 06 01 57 00 00 00 00 00

001:015:000:STREAM             1639130728.249472
 06 00 00 00 00 00 00 00

001:015:000:STREAM             1639130728.613488
 06 01 57 00 00 00 00 00

001:015:000:STREAM             1639130728.721458
 06 00 00 00 00 00 00 00

001:015:000:STREAM             1639130728.993269
 06 01 57 00 00 00 00 00

001:015:000:STREAM             1639130729.089385
 06 00 00 00 00 00 00 00

001:015:000:STREAM             1639130729.349472
 06 01 57 00 00 00 00 00

001:015:000:STREAM             1639130729.409334
 06 00 00 00 00 00 00 00

001:015:000:STREAM             1639130729.657495
 06 01 57 00 00 00 00 00

001:015:000:STREAM             1639130729.765461
 06 00 00 00 00 00 00 00

001:015:000:STREAM             1639130730.121482
 06 01 57 00 00 00 00 00

001:015:000:STREAM             1639130730.209459
 06 00 00 00 00 00 00 00

001:015:000:STREAM             1639130730.465468
 06 01 57 00 00 00 00 00

001:015:000:STREAM             1639130730.553475
 06 00 00 00 00 00 00 00

001:015:000:STREAM             1639130730.813387
 06 01 57 00 00 00 00 00

001:015:000:STREAM             1639130730.913480
 06 00 00 00 00 00 00 00

001:015:000:STREAM             1639130731.313491
 06 01 57 00 00 00 00 00

001:015:000:STREAM             1639130731.413472
 06 00 00 00 00 00 00 00

001:015:000:STREAM             1639130731.741383
 06 01 57 00 00 00 00 00

001:015:000:STREAM             1639130731.825485
 06 00 00 00 00 00 00 00

001:015:000:STREAM             1639130732.145389
 06 01 57 00 00 00 00 00

001:015:000:STREAM             1639130732.217444
 06 00 00 00 00 00 00 00

001:015:000:STREAM             1639130732.577462
 06 01 57 00 00 00 00 00

001:015:000:STREAM             1639130732.657464
 06 00 00 00 00 00 00 00

001:015:000:STREAM             1639130732.997284
 06 01 57 00 00 00 00 00

001:015:000:STREAM             1639130733.085406
 06 00 00 00 00 00 00 00

001:015:000:STREAM             1639130733.437503
 06 01 57 00 00 00 00 00

001:015:000:STREAM             1639130733.529351
 06 00 00 00 00 00 00 00

001:015:000:STREAM             1639130733.873517
 06 01 57 00 00 00 00 00

001:015:000:STREAM             1639130733.941475
 06 00 00 00 00 00 00 00

001:015:000:STREAM             1639130734.265472
 06 01 57 00 00 00 00 00

001:015:000:STREAM             1639130734.353468
 06 00 00 00 00 00 00 00

001:015:000:STREAM             1639130734.709467
 06 01 57 00 00 00 00 00

001:015:000:STREAM             1639130734.817480
 06 00 00 00 00 00 00 00

001:015:000:STREAM             1639130735.169489
 06 01 57 00 00 00 00 00

001:015:000:STREAM             1639130735.257471
 06 00 00 00 00 00 00 00

001:015:000:STREAM             1639130735.609506
 06 01 57 00 00 00 00 00

001:015:000:STREAM             1639130735.713473
 06 00 00 00 00 00 00 00

001:015:000:STREAM             1639130736.033455
 06 01 57 00 00 00 00 00

001:015:000:STREAM             1639130736.125400
 06 00 00 00 00 00 00 00

001:015:000:STREAM             1639130736.453530
 06 01 57 00 00 00 00 00

001:015:000:STREAM             1639130736.569498
 06 00 00 00 00 00 00 00

001:015:000:STREAM             1639130736.881496
 06 01 57 00 00 00 00 00

001:015:000:STREAM             1639130736.989390
 06 00 00 00 00 00 00 00

001:015:000:STREAM             1639130737.345516
 06 01 57 00 00 00 00 00

001:015:000:STREAM             1639130737.445496
 06 00 00 00 00 00 00 00

001:015:000:STREAM             1639130737.805418
 06 01 57 00 00 00 00 00

001:015:000:STREAM             1639130737.885496
 06 00 00 00 00 00 00 00

001:015:000:STREAM             1639130738.201425
 06 01 57 00 00 00 00 00

001:015:000:STREAM             1639130738.309401
 06 00 00 00 00 00 00 00

001:015:000:STREAM             1639130738.633527
 06 01 57 00 00 00 00 00

001:015:000:STREAM             1639130738.753476
 06 00 00 00 00 00 00 00

001:015:000:STREAM             1639130739.029294
 06 01 57 00 00 00 00 00

001:015:000:STREAM             1639130739.157482
 06 00 00 00 00 00 00 00

001:015:000:STREAM             1639130739.497407
 06 01 57 00 00 00 00 00

001:015:000:STREAM             1639130739.613513
 06 00 00 00 00 00 00 00

001:015:000:STREAM             1639130739.957545
 06 01 57 00 00 00 00 00

001:015:000:STREAM             1639130740.061484
 06 00 00 00 00 00 00 00

001:015:000:STREAM             1639130740.381519
 06 01 57 00 00 00 00 00

001:015:000:STREAM             1639130740.477500
 06 00 00 00 00 00 00 00

001:015:000:STREAM             1639130740.841489
 06 01 57 00 00 00 00 00

001:015:000:STREAM             1639130740.933484
 06 00 00 00 00 00 00 00

001:015:000:STREAM             1639130741.261513
 06 01 57 00 00 00 00 00

001:015:000:STREAM             1639130741.357504
 06 00 00 00 00 00 00 00

001:015:000:STREAM             1639130741.685526
 06 01 57 00 00 00 00 00

001:015:000:STREAM             1639130741.781487
 06 00 00 00 00 00 00 00

001:015:000:STREAM             1639130742.129522
 06 01 57 00 00 00 00 00

001:015:000:STREAM             1639130742.221494
 06 00 00 00 00 00 00 00

001:015:000:STREAM             1639130742.557495
 06 01 57 00 00 00 00 00

001:015:000:STREAM             1639130742.653497
 06 00 00 00 00 00 00 00

001:015:000:STREAM             1639130742.985318
 06 01 57 00 00 00 00 00

001:015:000:STREAM             1639130743.093446
 06 00 00 00 00 00 00 00

001:015:000:STREAM             1639130743.469413
 06 01 57 00 00 00 00 00

001:015:000:STREAM             1639130743.537380
 06 00 00 00 00 00 00 00

001:015:000:STREAM             1639130743.897530
 06 01 57 00 00 00 00 00

001:015:000:STREAM             1639130744.017488
 06 00 00 00 00 00 00 00

001:015:000:STREAM             1639130744.365533
 06 01 57 00 00 00 00 00

001:015:000:STREAM             1639130744.461490
 06 00 00 00 00 00 00 00

001:015:000:STREAM             1639130744.797515
 06 01 57 00 00 00 00 00

001:015:000:STREAM             1639130744.893510
 06 00 00 00 00 00 00 00

001:015:000:STREAM             1639130745.249424
 06 01 57 00 00 00 00 00

001:015:000:STREAM             1639130745.329491
 06 00 00 00 00 00 00 00

001:015:000:STREAM             1639130745.721491
 06 01 57 00 00 00 00 00

001:015:000:STREAM             1639130745.781498
 06 00 00 00 00 00 00 00

001:015:000:STREAM             1639130746.125439
 06 01 57 00 00 00 00 00

001:015:000:STREAM             1639130746.233498
 06 00 00 00 00 00 00 00

001:015:000:STREAM             1639130746.629521
 06 01 57 00 00 00 00 00

001:015:000:STREAM             1639130746.709519
 06 00 00 00 00 00 00 00

001:015:000:STREAM             1639130747.073441
 06 01 57 00 00 00 00 00

001:015:000:STREAM             1639130747.193540
 06 00 00 00 00 00 00 00

001:015:000:STREAM             1639130747.513552
 06 01 57 00 00 00 00 00

001:015:000:STREAM             1639130747.617504
 06 00 00 00 00 00 00 00

001:015:000:STREAM             1639130747.965527
 06 01 57 00 00 00 00 00

001:015:000:STREAM             1639130748.053353
 06 00 00 00 00 00 00 00

001:015:000:STREAM             1639130748.389544
 06 01 57 00 00 00 00 00

001:015:000:STREAM             1639130748.493512
 06 00 00 00 00 00 00 00

001:015:000:STREAM             1639130748.845537
 06 01 57 00 00 00 00 00

001:015:000:STREAM             1639130748.953546
 06 00 00 00 00 00 00 00

001:015:000:STREAM             1639130749.249392
 06 01 57 00 00 00 00 00

001:015:000:STREAM             1639130749.357517
 06 00 00 00 00 00 00 00

001:015:000:STREAM             1639130749.693535
 06 01 57 00 00 00 00 00

001:015:000:STREAM             1639130749.797526
 06 00 00 00 00 00 00 00

001:015:000:STREAM             1639130750.161465
 06 01 57 00 00 00 00 00

001:015:000:STREAM             1639130750.253535
 06 00 00 00 00 00 00 00

001:015:000:STREAM             1639130750.581530
 06 01 57 00 00 00 00 00

001:015:000:STREAM             1639130750.645422
 06 00 00 00 00 00 00 00

001:015:000:STREAM             1639130751.041299
 06 01 57 00 00 00 00 00

001:015:000:STREAM             1639130751.141448
 06 00 00 00 00 00 00 00

001:015:000:STREAM             1639130751.637515
 06 01 57 00 00 00 00 00

001:015:000:STREAM             1639130751.721453
 06 00 00 00 00 00 00 00

001:015:000:STREAM             1639130752.065519
 06 01 57 00 00 00 00 00

001:015:000:STREAM             1639130752.161525
 06 00 00 00 00 00 00 00

001:015:000:STREAM             1639130752.477554
 06 01 57 00 00 00 00 00

001:015:000:STREAM             1639130752.573539
 06 00 00 00 00 00 00 00

001:015:000:STREAM             1639130752.885431
 06 01 57 00 00 00 00 00

001:015:000:STREAM             1639130752.985398
 06 00 00 00 00 00 00 00

001:015:000:STREAM             1639130753.293413
 06 01 57 00 00 00 00 00

001:015:000:STREAM             1639130753.421500
 06 00 00 00 00 00 00 00

001:015:000:STREAM             1639130753.777494
 06 01 57 00 00 00 00 00

001:015:000:STREAM             1639130753.845409
 06 00 00 00 00 00 00 00

001:015:000:STREAM             1639130754.157488
 06 01 57 00 00 00 00 00

001:015:000:STREAM             1639130754.277354
 06 00 00 00 00 00 00 00

001:015:000:STREAM             1639130754.605428
 06 01 57 00 00 00 00 00

001:015:000:STREAM             1639130754.689498
 06 00 00 00 00 00 00 00

001:015:000:STREAM             1639130755.029315
 06 01 57 00 00 00 00 00

001:015:000:STREAM             1639130755.121429
 06 00 00 00 00 00 00 00

001:015:000:STREAM             1639130755.485523
 06 01 57 00 00 00 00 00

001:015:000:STREAM             1639130755.557481
 06 00 00 00 00 00 00 00

001:015:000:STREAM             1639130755.905535
 06 01 57 00 00 00 00 00

001:015:000:STREAM             1639130756.005427
 06 00 00 00 00 00 00 00

001:015:000:STREAM             1639130756.317422
 06 01 57 00 00 00 00 00

001:015:000:STREAM             1639130756.429583
 06 00 00 00 00 00 00 00

001:015:000:STREAM             1639130756.797356
 06 01 57 00 00 00 00 00

001:015:000:STREAM             1639130756.893542
 06 00 00 00 00 00 00 00

001:015:000:STREAM             1639130757.449568
 06 01 57 00 00 00 00 00

001:015:000:STREAM             1639130757.529540
 06 00 00 00 00 00 00 00

001:015:000:STREAM             1639130757.837535
 06 01 57 00 00 00 00 00

001:015:000:STREAM             1639130757.945472
 06 00 00 00 00 00 00 00

001:015:000:STREAM             1639130758.265572
 06 01 57 00 00 00 00 00

001:015:000:STREAM             1639130758.377576
 06 00 00 00 00 00 00 00

001:015:000:STREAM             1639130758.685549
 06 01 57 00 00 00 00 00

001:015:000:STREAM             1639130758.769556
 06 00 00 00 00 00 00 00

001:015:000:STREAM             1639130759.125575
 06 01 57 00 00 00 00 00

001:015:000:STREAM             1639130759.221569
 06 00 00 00 00 00 00 00

001:015:000:STREAM             1639130759.569573
 06 01 57 00 00 00 00 00

001:015:000:STREAM             1639130759.645470
 06 00 00 00 00 00 00 00

001:015:000:STREAM             1639130759.965582
 06 01 57 00 00 00 00 00

001:015:000:STREAM             1639130760.069556
 06 00 00 00 00 00 00 00

001:015:000:STREAM             1639130760.481539
 06 01 57 00 00 00 00 00

001:015:000:STREAM             1639130760.581584
 06 00 00 00 00 00 00 00

001:015:000:STREAM             1639130760.889592
 06 01 57 00 00 00 00 00

001:015:000:STREAM             1639130760.993460
 06 00 00 00 00 00 00 00

001:015:000:STREAM             1639130761.341544
 06 01 57 00 00 00 00 00

001:015:000:STREAM             1639130761.421550
 06 00 00 00 00 00 00 00

001:015:000:STREAM             1639130761.745434
 06 01 57 00 00 00 00 00

001:015:000:STREAM             1639130761.833574
 06 00 00 00 00 00 00 00

001:015:000:STREAM             1639130762.169575
 06 01 57 00 00 00 00 00

001:015:000:STREAM             1639130762.265550
 06 00 00 00 00 00 00 00

001:015:000:STREAM             1639130762.565581
 06 01 57 00 00 00 00 00

001:015:000:STREAM             1639130762.689574
 06 00 00 00 00 00 00 00

001:015:000:STREAM             1639130763.029361
 06 01 57 00 00 00 00 00

001:015:000:STREAM             1639130763.105497
 06 00 00 00 00 00 00 00

001:015:000:STREAM             1639130763.441592
 06 01 57 00 00 00 00 00

001:015:000:STREAM             1639130763.545409
 06 00 00 00 00 00 00 00

001:015:000:STREAM             1639130763.905600
 06 01 57 00 00 00 00 00

001:015:000:STREAM             1639130764.009422
 06 00 00 00 00 00 00 00

001:015:000:STREAM             1639130764.301599
 06 01 57 00 00 00 00 00

001:015:000:STREAM             1639130764.393554
 06 00 00 00 00 00 00 00

001:015:000:STREAM             1639130764.717603
 06 01 57 00 00 00 00 00

001:015:000:STREAM             1639130764.801550
 06 00 00 00 00 00 00 00

001:015:000:STREAM             1639130765.165542
 06 01 57 00 00 00 00 00

001:015:000:STREAM             1639130765.269473
 06 00 00 00 00 00 00 00

001:015:000:STREAM             1639130765.589557
 06 01 57 00 00 00 00 00

001:015:000:STREAM             1639130765.689578
 06 00 00 00 00 00 00 00

001:015:000:STREAM             1639130766.017500
 06 01 57 00 00 00 00 00

001:015:000:STREAM             1639130766.133593
 06 00 00 00 00 00 00 00

001:015:000:STREAM             1639130766.489564
 06 01 57 00 00 00 00 00

001:015:000:STREAM             1639130766.585563
 06 00 00 00 00 00 00 00

001:015:000:STREAM             1639130767.149581
 06 01 57 00 00 00 00 00

001:015:000:STREAM             1639130767.233455
 06 00 00 00 00 00 00 00

001:015:000:STREAM             1639130767.521603
 06 01 57 00 00 00 00 00

001:015:000:STREAM             1639130767.645581
 06 00 00 00 00 00 00 00

001:015:000:STREAM             1639130768.041590
 06 01 57 00 00 00 00 00

001:015:000:STREAM             1639130768.145576
 06 00 00 00 00 00 00 00

001:015:000:STREAM             1639130768.449569
 06 01 57 00 00 00 00 00

001:015:000:STREAM             1639130768.569583
 06 00 00 00 00 00 00 00

001:015:000:STREAM             1639130768.901571
 06 01 57 00 00 00 00 00

001:015:000:STREAM             1639130768.997423
 06 00 00 00 00 00 00 00

001:015:000:STREAM             1639130769.333591
 06 01 57 00 00 00 00 00

001:015:000:STREAM             1639130769.433592
 06 00 00 00 00 00 00 00

001:015:000:STREAM             1639130769.741604
 06 01 57 00 00 00 00 00

001:015:000:STREAM             1639130769.861571
 06 00 00 00 00 00 00 00

001:015:000:STREAM             1639130770.177569
 06 01 57 00 00 00 00 00

001:015:000:STREAM             1639130770.285574
 06 00 00 00 00 00 00 00

001:015:000:STREAM             1639130770.653603
 06 01 57 00 00 00 00 00

001:015:000:STREAM             1639130770.765610
 06 00 00 00 00 00 00 00

001:015:000:STREAM             1639130771.073496
 06 01 57 00 00 00 00 00

001:015:000:STREAM             1639130771.177439
 06 00 00 00 00 00 00 00

