001:015:000:STREAM             1639132350.579665
 06 00 05 00 00 00 00 00

001:015:000:STREAM             1639132350.711539
 06 00 00 00 00 00 00 00

001:015:000:STREAM             1639132351.543735
 06 00 05 00 00 00 00 00

001:015:000:STREAM             1639132351.647746
 06 00 00 00 00 00 00 00

001:015:000:STREAM             1639132352.379744
 06 00 05 00 00 00 00 00

001:015:000:STREAM             1639132352.495609
 06 00 00 00 00 00 00 00

001:015:000:STREAM             1639132353.215666
 06 00 05 00 00 00 00 00

001:015:000:STREAM             1639132353.323732
 06 00 00 00 00 00 00 00

001:015:000:STREAM             1639132353.931732
 06 00 05 00 00 00 00 00

001:015:000:STREAM             1639132354.043645
 06 00 00 00 00 00 00 00

001:015:000:STREAM             1639132354.755726
 06 00 05 00 00 00 00 00

001:015:000:STREAM             1639132354.851787
 06 00 00 00 00 00 00 00

001:015:000:STREAM             1639132355.467784
 06 00 05 00 00 00 00 00

001:015:000:STREAM             1639132355.595785
 06 00 00 00 00 00 00 00

001:015:000:STREAM             1639132356.355775
 06 00 05 00 00 00 00 00

001:015:000:STREAM             1639132356.459775
 06 00 00 00 00 00 00 00

001:015:000:STREAM             1639132356.911705
 06 00 05 00 00 00 00 00

001:015:000:STREAM             1639132357.039780
 06 00 00 00 00 00 00 00

001:015:000:STREAM             1639132357.575783
 06 00 05 00 00 00 00 00

001:015:000:STREAM             1639132357.659791
 06 00 00 00 00 00 00 00

001:015:000:STREAM             1639132358.095568
 06 00 05 00 00 00 00 00

001:015:000:STREAM             1639132358.211702
 06 00 00 00 00 00 00 00

001:015:000:STREAM             1639132358.683707
 06 00 05 00 00 00 00 00

001:015:000:STREAM             1639132358.783795
 06 00 00 00 00 00 00 00

001:015:000:STREAM             1639132359.111790
 06 00 05 00 00 00 00 00

001:015:000:STREAM             1639132359.223790
 06 00 00 00 00 00 00 00

001:015:000:STREAM             1639132359.651681
 06 00 05 00 00 00 00 00

001:015:000:STREAM             1639132359.771799
 06 00 00 00 00 00 00 00

001:015:000:STREAM             1639132360.067791
 06 00 05 00 00 00 00 00

001:015:000:STREAM             1639132360.171805
 06 00 00 00 00 00 00 00

001:015:000:STREAM             1639132360.619646
 06 00 05 00 00 00 00 00

001:015:000:STREAM             1639132360.727709
 06 00 00 00 00 00 00 00

001:015:000:STREAM             1639132360.991832
 06 00 05 00 00 00 00 00

001:015:000:STREAM             1639132361.119801
 06 00 00 00 00 00 00 00

001:015:000:STREAM             1639132361.447793
 06 00 05 00 00 00 00 00

001:015:000:STREAM             1639132361.583806
 06 00 00 00 00 00 00 00

001:015:000:STREAM             1639132361.907807
 06 00 05 00 00 00 00 00

001:015:000:STREAM             1639132362.019661
 06 00 00 00 00 00 00 00

001:015:000:STREAM             1639132362.547815
 06 00 05 00 00 00 00 00

001:015:000:STREAM             1639132362.659610
 06 00 00 00 00 00 00 00

001:015:000:STREAM             1639132362.983798
 06 00 05 00 00 00 00 00

001:015:000:STREAM             1639132363.091582
 06 00 00 00 00 00 00 00

001:015:000:STREAM             1639132363.427826
 06 00 05 00 00 00 00 00

001:015:000:STREAM             1639132363.547829
 06 00 00 00 00 00 00 00

001:015:000:STREAM             1639132363.847825
 06 00 05 00 00 00 00 00

001:015:000:STREAM             1639132363.975800
 06 00 00 00 00 00 00 00

001:015:000:STREAM             1639132364.347788
 06 00 05 00 00 00 00 00

001:015:000:STREAM             1639132364.443813
 06 00 00 00 00 00 00 00

001:015:000:STREAM             1639132364.659623
 06 00 05 00 00 00 00 00

001:015:000:STREAM             1639132364.787789
 06 00 00 00 00 00 00 00

001:015:000:STREAM             1639132365.051809
 06 00 05 00 00 00 00 00

001:015:000:STREAM             1639132365.139818
 06 00 00 00 00 00 00 00

001:015:000:STREAM             1639132365.511821
 06 00 05 00 00 00 00 00

001:015:000:STREAM             1639132365.635815
 06 00 00 00 00 00 00 00

001:015:000:STREAM             1639132365.879824
 06 00 05 00 00 00 00 00

001:015:000:STREAM             1639132365.995812
 06 00 00 00 00 00 00 00

001:015:000:STREAM             1639132366.351808
 06 00 05 00 00 00 00 00

001:015:000:STREAM             1639132366.455744
 06 00 00 00 00 00 00 00

001:015:000:STREAM             1639132366.739734
 06 00 05 00 00 00 00 00

001:015:000:STREAM             1639132366.879831
 06 00 00 00 00 00 00 00

001:015:000:STREAM             1639132367.243740
 06 00 05 00 00 00 00 00

001:015:000:STREAM             1639132367.367818
 06 00 00 00 00 00 00 00

001:015:000:STREAM             1639132367.651834
 06 00 05 00 00 00 00 00

001:015:000:STREAM             1639132367.799826
 06 00 00 00 00 00 00 00

001:015:000:STREAM             1639132368.067773
 06 00 05 00 00 00 00 00

001:015:000:STREAM             1639132368.199844
 06 00 00 00 00 00 00 00

001:015:000:STREAM             1639132368.527819
 06 00 05 00 00 00 00 00

001:015:000:STREAM             1639132368.671606
 06 00 00 00 00 00 00 00

001:015:000:STREAM             1639132368.927710
 06 00 05 00 00 00 00 00

001:015:000:STREAM             1639132369.055679
 06 00 00 00 00 00 00 00

001:015:000:STREAM             1639132369.387783
 06 00 05 00 00 00 00 00

001:015:000:STREAM             1639132369.507775
 06 00 00 00 00 00 00 00

001:015:000:STREAM             1639132369.779807
 06 00 05 00 00 00 00 00

001:015:000:STREAM             1639132369.907813
 06 00 00 00 00 00 00 00

001:015:000:STREAM             1639132370.203799
 06 00 05 00 00 00 00 00

001:015:000:STREAM             1639132370.331814
 06 00 00 00 00 00 00 00

001:015:000:STREAM             1639132370.659608
 06 00 05 00 00 00 00 00

001:015:000:STREAM             1639132370.783811
 06 00 00 00 00 00 00 00

001:015:000:STREAM             1639132371.071768
 06 00 05 00 00 00 00 00

001:015:000:STREAM             1639132371.195799
 06 00 00 00 00 00 00 00

001:015:000:STREAM             1639132371.451806
 06 00 05 00 00 00 00 00

001:015:000:STREAM             1639132371.575801
 06 00 00 00 00 00 00 00

001:015:000:STREAM             1639132371.875816
 06 00 05 00 00 00 00 00

001:015:000:STREAM             1639132372.015664
 06 00 00 00 00 00 00 00

001:015:000:STREAM             1639132372.259586
 06 00 05 00 00 00 00 00

001:015:000:STREAM             1639132372.383806
 06 00 00 00 00 00 00 00

001:015:000:STREAM             1639132372.683591
 06 00 05 00 00 00 00 00

001:015:000:STREAM             1639132372.807775
 06 00 00 00 00 00 00 00

001:015:000:STREAM             1639132373.051723
 06 00 05 00 00 00 00 00

001:015:000:STREAM             1639132373.183807
 06 00 00 00 00 00 00 00

001:015:000:STREAM             1639132373.459798
 06 00 05 00 00 00 00 00

001:015:000:STREAM             1639132373.559801
 06 00 00 00 00 00 00 00

001:015:000:STREAM             1639132373.851799
 06 00 05 00 00 00 00 00

001:015:000:STREAM             1639132373.983715
 06 00 00 00 00 00 00 00

001:015:000:STREAM             1639132374.251830
 06 00 05 00 00 00 00 00

001:015:000:STREAM             1639132374.379809
 06 00 00 00 00 00 00 00

001:015:000:STREAM             1639132374.695727
 06 00 05 00 00 00 00 00

001:015:000:STREAM             1639132374.827821
 06 00 00 00 00 00 00 00

001:015:000:STREAM             1639132375.103838
 06 00 05 00 00 00 00 00

001:015:000:STREAM             1639132375.239804
 06 00 00 00 00 00 00 00

001:015:000:STREAM             1639132375.619815
 06 00 05 00 00 00 00 00

001:015:000:STREAM             1639132375.735807
 06 00 00 00 00 00 00 00

001:015:000:STREAM             1639132376.007675
 06 00 05 00 00 00 00 00

001:015:000:STREAM             1639132376.147824
 06 00 00 00 00 00 00 00

001:015:000:STREAM             1639132376.467824
 06 00 05 00 00 00 00 00

001:015:000:STREAM             1639132376.571809
 06 00 00 00 00 00 00 00

001:015:000:STREAM             1639132376.895846
 06 00 05 00 00 00 00 00

001:015:000:STREAM             1639132376.995822
 06 00 00 00 00 00 00 00

001:015:000:STREAM             1639132377.335832
 06 00 05 00 00 00 00 00

001:015:000:STREAM             1639132377.455845
 06 00 00 00 00 00 00 00

001:015:000:STREAM             1639132377.995728
 06 00 05 00 00 00 00 00

001:015:000:STREAM             1639132378.107813
 06 00 00 00 00 00 00 00

001:015:000:STREAM             1639132378.439739
 06 00 05 00 00 00 00 00

001:015:000:STREAM             1639132378.535834
 06 00 00 00 00 00 00 00

001:015:000:STREAM             1639132378.891814
 06 00 05 00 00 00 00 00

001:015:000:STREAM             1639132378.991822
 06 00 00 00 00 00 00 00

001:015:000:STREAM             1639132379.291842
 06 00 05 00 00 00 00 00

001:015:000:STREAM             1639132379.395818
 06 00 00 00 00 00 00 00

001:015:000:STREAM             1639132379.791854
 06 00 05 00 00 00 00 00

001:015:000:STREAM             1639132379.907825
 06 00 00 00 00 00 00 00

001:015:000:STREAM             1639132380.191831
 06 00 05 00 00 00 00 00

001:015:000:STREAM             1639132380.287735
 06 00 00 00 00 00 00 00

001:015:000:STREAM             1639132380.651645
 06 00 05 00 00 00 00 00

001:015:000:STREAM             1639132380.755802
 06 00 00 00 00 00 00 00

001:015:000:STREAM             1639132381.043815
 06 00 05 00 00 00 00 00

001:015:000:STREAM             1639132381.171832
 06 00 00 00 00 00 00 00

001:015:000:STREAM             1639132381.511842
 06 00 05 00 00 00 00 00

001:015:000:STREAM             1639132381.623846
 06 00 00 00 00 00 00 00

001:015:000:STREAM             1639132381.931725
 06 00 05 00 00 00 00 00

001:015:000:STREAM             1639132382.047823
 06 00 00 00 00 00 00 00

001:015:000:STREAM             1639132382.655621
 06 00 05 00 00 00 00 00

001:015:000:STREAM             1639132382.775819
 06 00 00 00 00 00 00 00

001:015:000:STREAM             1639132383.159842
 06 00 05 00 00 00 00 00

001:015:000:STREAM             1639132383.283759
 06 00 00 00 00 00 00 00

001:015:000:STREAM             1639132383.583718
 06 00 05 00 00 00 00 00

001:015:000:STREAM             1639132383.691734
 06 00 00 00 00 00 00 00

001:015:000:STREAM             1639132384.067827
 06 00 05 00 00 00 00 00

001:015:000:STREAM             1639132384.191844
 06 00 00 00 00 00 00 00

001:015:000:STREAM             1639132384.555829
 06 00 05 00 00 00 00 00

001:015:000:STREAM             1639132384.663633
 06 00 00 00 00 00 00 00

001:015:000:STREAM             1639132384.975897
 06 00 05 00 00 00 00 00

001:015:000:STREAM             1639132385.131888
 06 00 00 00 00 00 00 00

001:015:000:STREAM             1639132385.511870
 06 00 05 00 00 00 00 00

001:015:000:STREAM             1639132385.627896
 06 00 00 00 00 00 00 00

001:015:000:STREAM             1639132385.879885
 06 00 05 00 00 00 00 00

001:015:000:STREAM             1639132386.003734
 06 00 00 00 00 00 00 00

001:015:000:STREAM             1639132386.379845
 06 00 05 00 00 00 00 00

001:015:000:STREAM             1639132386.499850
 06 00 00 00 00 00 00 00

001:015:000:STREAM             1639132386.799860
 06 00 05 00 00 00 00 00

001:015:000:STREAM             1639132386.907849
 06 00 00 00 00 00 00 00

001:015:000:STREAM             1639132387.207872
 06 00 05 00 00 00 00 00

001:015:000:STREAM             1639132387.331853
 06 00 00 00 00 00 00 00

001:015:000:STREAM             1639132387.671854
 06 00 05 00 00 00 00 00

001:015:000:STREAM             1639132387.803855
 06 00 00 00 00 00 00 00

001:015:000:STREAM             1639132388.147867
 06 00 05 00 00 00 00 00

001:015:000:STREAM             1639132388.271857
 06 00 00 00 00 00 00 00

001:015:000:STREAM             1639132388.535848
 06 00 05 00 00 00 00 00

001:015:000:STREAM             1639132388.651672
 06 00 00 00 00 00 00 00

001:015:000:STREAM             1639132388.983826
 06 00 05 00 00 00 00 00

001:015:000:STREAM             1639132389.115897
 06 00 00 00 00 00 00 00

001:015:000:STREAM             1639132389.487928
 06 00 05 00 00 00 00 00

001:015:000:STREAM             1639132389.631907
 06 00 00 00 00 00 00 00

001:015:000:STREAM             1639132390.079917
 06 00 05 00 00 00 00 00

001:015:000:STREAM             1639132390.179908
 06 00 00 00 00 00 00 00

001:015:000:STREAM             1639132390.567832
 06 00 05 00 00 00 00 00

001:015:000:STREAM             1639132390.691713
 06 00 00 00 00 00 00 00

001:015:000:STREAM             1639132391.039901
 06 00 05 00 00 00 00 00

001:015:000:STREAM             1639132391.159900
 06 00 00 00 00 00 00 00

001:015:000:STREAM             1639132391.527907
 06 00 05 00 00 00 00 00

001:015:000:STREAM             1639132391.647899
 06 00 00 00 00 00 00 00

001:015:000:STREAM             1639132392.135838
 06 00 05 00 00 00 00 00

001:015:000:STREAM             1639132392.255906
 06 00 00 00 00 00 00 00

001:015:000:STREAM             1639132392.547922
 06 00 05 00 00 00 00 00

001:015:000:STREAM             1639132392.671680
 06 00 00 00 00 00 00 00

001:015:000:STREAM             1639132393.011823
 06 00 05 00 00 00 00 00

001:015:000:STREAM             1639132393.131909
 06 00 00 00 00 00 00 00

001:015:000:STREAM             1639132393.407906
 06 00 05 00 00 00 00 00

001:015:000:STREAM             1639132393.515927
 06 00 00 00 00 00 00 00

001:015:000:STREAM             1639132393.915915
 06 00 05 00 00 00 00 00

001:015:000:STREAM             1639132394.047914
 06 00 00 00 00 00 00 00

001:015:000:STREAM             1639132394.603907
 06 00 05 00 00 00 00 00

001:015:000:STREAM             1639132394.731836
 06 00 00 00 00 00 00 00

001:015:000:STREAM             1639132394.979937
 06 00 05 00 00 00 00 00

001:015:000:STREAM             1639132395.079777
 06 00 00 00 00 00 00 00

001:015:000:STREAM             1639132395.471931
 06 00 05 00 00 00 00 00

001:015:000:STREAM             1639132395.567923
 06 00 00 00 00 00 00 00

001:015:000:STREAM             1639132395.859923
 06 00 05 00 00 00 00 00

001:015:000:STREAM             1639132395.979913
 06 00 00 00 00 00 00 00

001:015:000:STREAM             1639132396.403829
 06 00 05 00 00 00 00 00

001:015:000:STREAM             1639132396.531925
 06 00 00 00 00 00 00 00

001:015:000:STREAM             1639132397.179940
 06 00 05 00 00 00 00 00

001:015:000:STREAM             1639132397.283929
 06 00 00 00 00 00 00 00

001:015:000:STREAM             1639132397.639912
 06 00 05 00 00 00 00 00

001:015:000:STREAM             1639132397.699916
 06 00 00 00 00 00 00 00

001:015:000:STREAM             1639132398.007783
 06 00 05 00 00 00 00 00

001:015:000:STREAM             1639132398.131938
 06 00 00 00 00 00 00 00

001:015:000:STREAM             1639132398.387793
 06 00 05 00 00 00 00 00

001:015:000:STREAM             1639132398.495850
 06 00 00 00 00 00 00 00

001:015:000:STREAM             1639132399.039904
 06 00 05 00 00 00 00 00

001:015:000:STREAM             1639132399.179947
 06 00 00 00 00 00 00 00

001:015:000:STREAM             1639132399.455949
 06 00 05 00 00 00 00 00

001:015:000:STREAM             1639132399.551941
 06 00 00 00 00 00 00 00

001:015:000:STREAM             1639132399.831950
 06 00 05 00 00 00 00 00

001:015:000:STREAM             1639132399.935931
 06 00 00 00 00 00 00 00

001:015:000:STREAM             1639132400.935949
 06 00 05 00 00 00 00 00

001:015:000:STREAM             1639132401.015936
 06 00 00 00 00 00 00 00

001:015:000:STREAM             1639132401.347954
 06 00 05 00 00 00 00 00

001:015:000:STREAM             1639132401.455947
 06 00 00 00 00 00 00 00

001:015:000:STREAM             1639132401.815939
 06 00 05 00 00 00 00 00

001:015:000:STREAM             1639132401.935930
 06 00 00 00 00 00 00 00

001:015:000:STREAM             1639132402.167939
 06 00 05 00 00 00 00 00

001:015:000:STREAM             1639132402.275935
 06 00 00 00 00 00 00 00

001:015:000:STREAM             1639132402.751913
 06 00 05 00 00 00 00 00

001:015:000:STREAM             1639132402.863939
 06 00 00 00 00 00 00 00

001:015:000:STREAM             1639132403.431950
 06 00 05 00 00 00 00 00

001:015:000:STREAM             1639132403.595824
 06 00 00 00 00 00 00 00

001:015:000:STREAM             1639132403.783942
 06 00 05 00 00 00 00 00

001:015:000:STREAM             1639132403.879935
 06 00 00 00 00 00 00 00

001:015:000:STREAM             1639132404.295944
 06 00 05 00 00 00 00 00

001:015:000:STREAM             1639132404.423951
 06 00 00 00 00 00 00 00

001:015:000:STREAM             1639132404.715702
 06 00 05 00 00 00 00 00

001:015:000:STREAM             1639132404.835915
 06 00 00 00 00 00 00 00

001:015:000:STREAM             1639132405.075917
 06 00 05 00 00 00 00 00

001:015:000:STREAM             1639132405.195894
 06 00 00 00 00 00 00 00

001:015:000:STREAM             1639132405.519911
 06 00 05 00 00 00 00 00

001:015:000:STREAM             1639132405.671922
 06 00 00 00 00 00 00 00

001:015:000:STREAM             1639132406.223931
 06 00 05 00 00 00 00 00

001:015:000:STREAM             1639132406.327919
 06 00 00 00 00 00 00 00

001:015:000:STREAM             1639132406.547921
 06 00 05 00 00 00 00 00

001:015:000:STREAM             1639132406.667739
 06 00 00 00 00 00 00 00

001:015:000:STREAM             1639132407.079911
 06 00 05 00 00 00 00 00

001:015:000:STREAM             1639132407.215946
 06 00 00 00 00 00 00 00

001:015:000:STREAM             1639132407.663936
 06 00 05 00 00 00 00 00

001:015:000:STREAM             1639132407.815926
 06 00 00 00 00 00 00 00

001:015:000:STREAM             1639132408.535953
 06 00 05 00 00 00 00 00

001:015:000:STREAM             1639132408.663732
 06 00 00 00 00 00 00 00

