001:015:000:STREAM             1639130893.057889
 06 01 56 00 00 00 00 00

001:015:000:STREAM             1639130893.185865
 06 00 00 00 00 00 00 00

001:015:000:STREAM             1639130893.933971
 06 01 56 00 00 00 00 00

001:015:000:STREAM             1639130894.049952
 06 00 00 00 00 00 00 00

001:015:000:STREAM             1639130894.605872
 06 01 56 00 00 00 00 00

001:015:000:STREAM             1639130894.693798
 06 00 00 00 00 00 00 00

001:015:000:STREAM             1639130895.277992
 06 01 56 00 00 00 00 00

001:015:000:STREAM             1639130895.397967
 06 00 00 00 00 00 00 00

001:015:000:STREAM             1639130896.141709
 06 01 56 00 00 00 00 00

001:015:000:STREAM             1639130896.245904
 06 00 00 00 00 00 00 00

001:015:000:STREAM             1639130896.685935
 06 01 56 00 00 00 00 00

001:015:000:STREAM             1639130896.781995
 06 00 00 00 00 00 00 00

001:015:000:STREAM             1639130897.253834
 06 01 56 00 00 00 00 00

001:015:000:STREAM             1639130897.365968
 06 00 00 00 00 00 00 00

001:015:000:STREAM             1639130898.065772
 06 01 56 00 00 00 00 00

001:015:000:STREAM             1639130898.165983
 06 00 00 00 00 00 00 00

001:015:000:STREAM             1639130898.581978
 06 01 56 00 00 00 00 00

001:015:000:STREAM             1639130898.673980
 06 00 00 00 00 00 00 00

001:015:000:STREAM             1639130899.141770
 06 01 56 00 00 00 00 00

001:015:000:STREAM             1639130899.253966
 06 00 00 00 00 00 00 00

001:015:000:STREAM             1639130899.653995
 06 01 56 00 00 00 00 00

001:015:000:STREAM             1639130899.769813
 06 00 00 00 00 00 00 00

001:015:000:STREAM             1639130900.241976
 06 01 56 00 00 00 00 00

001:015:000:STREAM             1639130900.333965
 06 00 00 00 00 00 00 00

001:015:000:STREAM             1639130900.762014
 06 01 56 00 00 00 00 00

001:015:000:STREAM             1639130900.845979
 06 00 00 00 00 00 00 00

001:015:000:STREAM             1639130901.205887
 06 01 56 00 00 00 00 00

001:015:000:STREAM             1639130901.317987
 06 00 00 00 00 00 00 00

001:015:000:STREAM             1639130901.722006
 06 01 56 00 00 00 00 00

001:015:000:STREAM             1639130901.805990
 06 00 00 00 00 00 00 00

001:015:000:STREAM             1639130902.197987
 06 01 56 00 00 00 00 00

001:015:000:STREAM             1639130902.313978
 06 00 00 00 00 00 00 00

001:015:000:STREAM             1639130902.705970
 06 01 56 00 00 00 00 00

001:015:000:STREAM             1639130902.805972
 06 00 00 00 00 00 00 00

001:015:000:STREAM             1639130903.189888
 06 01 56 00 00 00 00 00

001:015:000:STREAM             1639130903.273952
 06 00 00 00 00 00 00 00

001:015:000:STREAM             1639130903.666016
 06 01 56 00 00 00 00 00

001:015:000:STREAM             1639130903.777995
 06 00 00 00 00 00 00 00

001:015:000:STREAM             1639130904.117992
 06 01 56 00 00 00 00 00

001:015:000:STREAM             1639130904.217980
 06 00 00 00 00 00 00 00

001:015:000:STREAM             1639130904.601993
 06 01 56 00 00 00 00 00

001:015:000:STREAM             1639130904.717765
 06 00 00 00 00 00 00 00

001:015:000:STREAM             1639130905.121793
 06 01 56 00 00 00 00 00

001:015:000:STREAM             1639130905.237851
 06 00 00 00 00 00 00 00

001:015:000:STREAM             1639130905.569808
 06 01 56 00 00 00 00 00

001:015:000:STREAM             1639130905.681906
 06 00 00 00 00 00 00 00

001:015:000:STREAM             1639130906.106022
 06 01 56 00 00 00 00 00

001:015:000:STREAM             1639130906.230019
 06 00 00 00 00 00 00 00

001:015:000:STREAM             1639130906.538021
 06 01 56 00 00 00 00 00

001:015:000:STREAM             1639130906.650030
 06 00 00 00 00 00 00 00

001:015:000:STREAM             1639130906.994036
 06 01 56 00 00 00 00 00

001:015:000:STREAM             1639130907.085881
 06 00 00 00 00 00 00 00

001:015:000:STREAM             1639130907.406028
 06 01 56 00 00 00 00 00

001:015:000:STREAM             1639130907.497997
 06 00 00 00 00 00 00 00

001:015:000:STREAM             1639130907.798020
 06 01 56 00 00 00 00 00

001:015:000:STREAM             1639130907.901997
 06 00 00 00 00 00 00 00

001:015:000:STREAM             1639130908.330026
 06 01 56 00 00 00 00 00

001:015:000:STREAM             1639130908.430024
 06 00 00 00 00 00 00 00

001:015:000:STREAM             1639130908.782025
 06 01 56 00 00 00 00 00

001:015:000:STREAM             1639130908.909946
 06 00 00 00 00 00 00 00

001:015:000:STREAM             1639130909.233905
 06 01 56 00 00 00 00 00

001:015:000:STREAM             1639130909.353885
 06 00 00 00 00 00 00 00

001:015:000:STREAM             1639130909.722031
 06 01 56 00 00 00 00 00

001:015:000:STREAM             1639130909.818017
 06 00 00 00 00 00 00 00

001:015:000:STREAM             1639130910.126011
 06 01 56 00 00 00 00 00

001:015:000:STREAM             1639130910.254009
 06 00 00 00 00 00 00 00

001:015:000:STREAM             1639130910.598003
 06 01 56 00 00 00 00 00

001:015:000:STREAM             1639130910.714001
 06 00 00 00 00 00 00 00

001:015:000:STREAM             1639130911.070001
 06 01 56 00 00 00 00 00

001:015:000:STREAM             1639130911.169814
 06 00 00 00 00 00 00 00

001:015:000:STREAM             1639130911.510016
 06 01 56 00 00 00 00 00

001:015:000:STREAM             1639130911.589816
 06 00 00 00 00 00 00 00

001:015:000:STREAM             1639130911.978052
 06 01 56 00 00 00 00 00

001:015:000:STREAM             1639130912.070001
 06 00 00 00 00 00 00 00

001:015:000:STREAM             1639130912.398022
 06 01 56 00 00 00 00 00

001:015:000:STREAM             1639130912.517995
 06 00 00 00 00 00 00 00

001:015:000:STREAM             1639130912.834020
 06 01 56 00 00 00 00 00

001:015:000:STREAM             1639130912.914004
 06 00 00 00 00 00 00 00

001:015:000:STREAM             1639130913.270000
 06 01 56 00 00 00 00 00

001:015:000:STREAM             1639130913.378023
 06 00 00 00 00 00 00 00

001:015:000:STREAM             1639130913.670037
 06 01 56 00 00 00 00 00

001:015:000:STREAM             1639130913.786026
 06 00 00 00 00 00 00 00

001:015:000:STREAM             1639130914.150022
 06 01 56 00 00 00 00 00

001:015:000:STREAM             1639130914.242044
 06 00 00 00 00 00 00 00

001:015:000:STREAM             1639130914.538031
 06 01 56 00 00 00 00 00

001:015:000:STREAM             1639130914.630032
 06 00 00 00 00 00 00 00

001:015:000:STREAM             1639130914.970077
 06 01 56 00 00 00 00 00

001:015:000:STREAM             1639130915.065996
 06 00 00 00 00 00 00 00

001:015:000:STREAM             1639130915.390032
 06 01 56 00 00 00 00 00

001:015:000:STREAM             1639130915.494025
 06 00 00 00 00 00 00 00

001:015:000:STREAM             1639130915.846001
 06 01 56 00 00 00 00 00

001:015:000:STREAM             1639130915.954013
 06 00 00 00 00 00 00 00

001:015:000:STREAM             1639130916.258015
 06 01 56 00 00 00 00 00

001:015:000:STREAM             1639130916.374031
 06 00 00 00 00 00 00 00

001:015:000:STREAM             1639130916.682057
 06 01 56 00 00 00 00 00

001:015:000:STREAM             1639130916.790016
 06 00 00 00 00 00 00 00

001:015:000:STREAM             1639130917.162008
 06 01 56 00 00 00 00 00

001:015:000:STREAM             1639130917.270026
 06 00 00 00 00 00 00 00

001:015:000:STREAM             1639130917.602030
 06 01 56 00 00 00 00 00

001:015:000:STREAM             1639130917.718013
 06 00 00 00 00 00 00 00

001:015:000:STREAM             1639130918.169916
 06 01 56 00 00 00 00 00

001:015:000:STREAM             1639130918.278051
 06 00 00 00 00 00 00 00

001:015:000:STREAM             1639130918.574050
 06 01 56 00 00 00 00 00

001:015:000:STREAM             1639130918.670057
 06 00 00 00 00 00 00 00

001:015:000:STREAM             1639130919.025990
 06 01 56 00 00 00 00 00

001:015:000:STREAM             1639130919.129815
 06 00 00 00 00 00 00 00

001:015:000:STREAM             1639130919.502056
 06 01 56 00 00 00 00 00

001:015:000:STREAM             1639130919.586031
 06 00 00 00 00 00 00 00

001:015:000:STREAM             1639130919.998062
 06 01 56 00 00 00 00 00

001:015:000:STREAM             1639130920.106035
 06 00 00 00 00 00 00 00

001:015:000:STREAM             1639130920.518074
 06 01 56 00 00 00 00 00

001:015:000:STREAM             1639130920.614044
 06 00 00 00 00 00 00 00

001:015:000:STREAM             1639130920.950050
 06 01 56 00 00 00 00 00

001:015:000:STREAM             1639130921.046009
 06 00 00 00 00 00 00 00

001:015:000:STREAM             1639130921.438066
 06 01 56 00 00 00 00 00

001:015:000:STREAM             1639130921.558068
 06 00 00 00 00 00 00 00

001:015:000:STREAM             1639130921.854064
 06 01 56 00 00 00 00 00

001:015:000:STREAM             1639130921.986046
 06 00 00 00 00 00 00 00

001:015:000:STREAM             1639130922.342052
 06 01 56 00 00 00 00 00

001:015:000:STREAM             1639130922.470064
 06 00 00 00 00 00 00 00

001:015:000:STREAM             1639130922.762055
 06 01 56 00 00 00 00 00

001:015:000:STREAM             1639130922.878063
 06 00 00 00 00 00 00 00

001:015:000:STREAM             1639130923.205907
 06 01 56 00 00 00 00 00

001:015:000:STREAM             1639130923.321979
 06 00 00 00 00 00 00 00

001:015:000:STREAM             1639130923.662021
 06 01 56 00 00 00 00 00

001:015:000:STREAM             1639130923.770063
 06 00 00 00 00 00 00 00

001:015:000:STREAM             1639130924.158054
 06 01 56 00 00 00 00 00

001:015:000:STREAM             1639130924.266077
 06 00 00 00 00 00 00 00

001:015:000:STREAM             1639130924.574046
 06 01 56 00 00 00 00 00

001:015:000:STREAM             1639130924.666056
 06 00 00 00 00 00 00 00

001:015:000:STREAM             1639130925.105857
 06 01 56 00 00 00 00 00

001:015:000:STREAM             1639130925.225972
 06 00 00 00 00 00 00 00

001:015:000:STREAM             1639130925.510057
 06 01 56 00 00 00 00 00

001:015:000:STREAM             1639130925.618045
 06 00 00 00 00 00 00 00

001:015:000:STREAM             1639130925.974061
 06 01 56 00 00 00 00 00

001:015:000:STREAM             1639130926.062054
 06 00 00 00 00 00 00 00

001:015:000:STREAM             1639130926.350069
 06 01 56 00 00 00 00 00

001:015:000:STREAM             1639130926.462074
 06 00 00 00 00 00 00 00

001:015:000:STREAM             1639130926.778106
 06 01 56 00 00 00 00 00

001:015:000:STREAM             1639130926.866046
 06 00 00 00 00 00 00 00

001:015:000:STREAM             1639130927.209970
 06 01 56 00 00 00 00 00

001:015:000:STREAM             1639130927.270004
 06 00 00 00 00 00 00 00

001:015:000:STREAM             1639130927.638071
 06 01 56 00 00 00 00 00

001:015:000:STREAM             1639130927.754073
 06 00 00 00 00 00 00 00

001:015:000:STREAM             1639130928.109977
 06 01 56 00 00 00 00 00

001:015:000:STREAM             1639130928.202055
 06 00 00 00 00 00 00 00

001:015:000:STREAM             1639130928.546091
 06 01 56 00 00 00 00 00

001:015:000:STREAM             1639130928.646054
 06 00 00 00 00 00 00 00

001:015:000:STREAM             1639130929.017998
 06 01 56 00 00 00 00 00

001:015:000:STREAM             1639130929.121829
 06 00 00 00 00 00 00 00

001:015:000:STREAM             1639130929.486065
 06 01 56 00 00 00 00 00

001:015:000:STREAM             1639130929.590039
 06 00 00 00 00 00 00 00

001:015:000:STREAM             1639130929.914042
 06 01 56 00 00 00 00 00

001:015:000:STREAM             1639130930.005846
 06 00 00 00 00 00 00 00

001:015:000:STREAM             1639130930.346074
 06 01 56 00 00 00 00 00

001:015:000:STREAM             1639130930.438063
 06 00 00 00 00 00 00 00

001:015:000:STREAM             1639130930.962092
 06 01 56 00 00 00 00 00

001:015:000:STREAM             1639130931.070066
 06 00 00 00 00 00 00 00

001:015:000:STREAM             1639130931.462097
 06 01 56 00 00 00 00 00

001:015:000:STREAM             1639130931.578086
 06 00 00 00 00 00 00 00

001:015:000:STREAM             1639130932.178113
 06 01 56 00 00 00 00 00

001:015:000:STREAM             1639130932.270021
 06 00 00 00 00 00 00 00

001:015:000:STREAM             1639130932.566086
 06 01 56 00 00 00 00 00

001:015:000:STREAM             1639130932.686092
 06 00 00 00 00 00 00 00

001:015:000:STREAM             1639130933.018035
 06 01 56 00 00 00 00 00

001:015:000:STREAM             1639130933.113919
 06 00 00 00 00 00 00 00

001:015:000:STREAM             1639130933.426118
 06 01 56 00 00 00 00 00

001:015:000:STREAM             1639130933.525960
 06 00 00 00 00 00 00 00

001:015:000:STREAM             1639130933.834111
 06 01 56 00 00 00 00 00

001:015:000:STREAM             1639130933.918090
 06 00 00 00 00 00 00 00

001:015:000:STREAM             1639130934.269903
 06 01 56 00 00 00 00 00

001:015:000:STREAM             1639130934.370050
 06 00 00 00 00 00 00 00

001:015:000:STREAM             1639130934.662068
 06 01 56 00 00 00 00 00

001:015:000:STREAM             1639130934.750072
 06 00 00 00 00 00 00 00

001:015:000:STREAM             1639130935.105864
 06 01 56 00 00 00 00 00

001:015:000:STREAM             1639130935.198020
 06 00 00 00 00 00 00 00

001:015:000:STREAM             1639130935.554064
 06 01 56 00 00 00 00 00

001:015:000:STREAM             1639130935.682070
 06 00 00 00 00 00 00 00

001:015:000:STREAM             1639130936.230029
 06 01 56 00 00 00 00 00

001:015:000:STREAM             1639130936.318085
 06 00 00 00 00 00 00 00

001:015:000:STREAM             1639130936.590115
 06 01 56 00 00 00 00 00

001:015:000:STREAM             1639130936.730116
 06 00 00 00 00 00 00 00

001:015:000:STREAM             1639130937.042085
 06 01 56 00 00 00 00 00

001:015:000:STREAM             1639130937.145906
 06 00 00 00 00 00 00 00

001:015:000:STREAM             1639130937.490102
 06 01 56 00 00 00 00 00

001:015:000:STREAM             1639130937.598098
 06 00 00 00 00 00 00 00

001:015:000:STREAM             1639130937.898098
 06 01 56 00 00 00 00 00

001:015:000:STREAM             1639130938.014009
 06 00 00 00 00 00 00 00

001:015:000:STREAM             1639130938.514104
 06 01 56 00 00 00 00 00

001:015:000:STREAM             1639130938.618100
 06 00 00 00 00 00 00 00

001:015:000:STREAM             1639130938.970154
 06 01 56 00 00 00 00 00

001:015:000:STREAM             1639130939.082119
 06 00 00 00 00 00 00 00

001:015:000:STREAM             1639130939.526104
 06 01 56 00 00 00 00 00

001:015:000:STREAM             1639130939.606111
 06 00 00 00 00 00 00 00

001:015:000:STREAM             1639130940.126118
 06 01 56 00 00 00 00 00

001:015:000:STREAM             1639130940.210109
 06 00 00 00 00 00 00 00

001:015:000:STREAM             1639130940.606128
 06 01 56 00 00 00 00 00

001:015:000:STREAM             1639130940.710120
 06 00 00 00 00 00 00 00

001:015:000:STREAM             1639130941.074146
 06 01 56 00 00 00 00 00

001:015:000:STREAM             1639130941.178018
 06 00 00 00 00 00 00 00

001:015:000:STREAM             1639130941.474100
 06 01 56 00 00 00 00 00

001:015:000:STREAM             1639130941.578111
 06 00 00 00 00 00 00 00

001:015:000:STREAM             1639130941.910143
 06 01 56 00 00 00 00 00

001:015:000:STREAM             1639130942.018039
 06 00 00 00 00 00 00 00

001:015:000:STREAM             1639130942.366105
 06 01 56 00 00 00 00 00

001:015:000:STREAM             1639130942.482126
 06 00 00 00 00 00 00 00

001:015:000:STREAM             1639130942.774148
 06 01 56 00 00 00 00 00

001:015:000:STREAM             1639130942.890145
 06 00 00 00 00 00 00 00

001:015:000:STREAM             1639130943.238051
 06 01 56 00 00 00 00 00

001:015:000:STREAM             1639130943.342095
 06 00 00 00 00 00 00 00

001:015:000:STREAM             1639130943.646123
 06 01 56 00 00 00 00 00

001:015:000:STREAM             1639130943.758051
 06 00 00 00 00 00 00 00

001:015:000:STREAM             1639130944.078134
 06 01 56 00 00 00 00 00

001:015:000:STREAM             1639130944.174116
 06 00 00 00 00 00 00 00

001:015:000:STREAM             1639130944.606142
 06 01 56 00 00 00 00 00

001:015:000:STREAM             1639130944.698005
 06 00 00 00 00 00 00 00

001:015:000:STREAM             1639130945.034047
 06 01 56 00 00 00 00 00

001:015:000:STREAM             1639130945.141890
 06 00 00 00 00 00 00 00

001:015:000:STREAM             1639130945.498153
 06 01 56 00 00 00 00 00

001:015:000:STREAM             1639130945.602122
 06 00 00 00 00 00 00 00

001:015:000:STREAM             1639130945.962138
 06 01 56 00 00 00 00 00

001:015:000:STREAM             1639130946.074143
 06 00 00 00 00 00 00 00

001:015:000:STREAM             1639130946.370032
 06 01 56 00 00 00 00 00

001:015:000:STREAM             1639130946.474128
 06 00 00 00 00 00 00 00

001:015:000:STREAM             1639130946.874149
 06 01 56 00 00 00 00 00

001:015:000:STREAM             1639130946.974115
 06 00 00 00 00 00 00 00

001:015:000:STREAM             1639130947.298135
 06 01 56 00 00 00 00 00

001:015:000:STREAM             1639130947.406123
 06 00 00 00 00 00 00 00

001:015:000:STREAM             1639130948.166073
 06 01 56 00 00 00 00 00

001:015:000:STREAM             1639130948.250124
 06 00 00 00 00 00 00 00

001:015:000:STREAM             1639130948.570155
 06 01 56 00 00 00 00 00

001:015:000:STREAM             1639130948.666137
 06 00 00 00 00 00 00 00

001:015:000:STREAM             1639130949.109941
 06 01 56 00 00 00 00 00

001:015:000:STREAM             1639130949.190103
 06 00 00 00 00 00 00 00

001:015:000:STREAM             1639130949.518146
 06 01 56 00 00 00 00 00

001:015:000:STREAM             1639130949.606122
 06 00 00 00 00 00 00 00

