001:015:000:STREAM             1639132789.985302
 06 01 1D 00 00 00 00 00

001:015:000:STREAM             1639132790.125090
 06 00 00 00 00 00 00 00

001:015:000:STREAM             1639132790.433184
 06 01 1D 00 00 00 00 00

001:015:000:STREAM             1639132790.529271
 06 00 00 00 00 00 00 00

001:015:000:STREAM             1639132790.853288
 06 01 1D 00 00 00 00 00

001:015:000:STREAM             1639132790.957268
 06 00 00 00 00 00 00 00

001:015:000:STREAM             1639132791.357171
 06 01 1D 00 00 00 00 00

001:015:000:STREAM             1639132791.457278
 06 00 00 00 00 00 00 00

001:015:000:STREAM             1639132791.753279
 06 01 1D 00 00 00 00 00

001:015:000:STREAM             1639132791.873282
 06 00 00 00 00 00 00 00

001:015:000:STREAM             1639132792.185248
 06 01 1D 00 00 00 00 00

001:015:000:STREAM             1639132792.281265
 06 00 00 00 00 00 00 00

001:015:000:STREAM             1639132792.653301
 06 01 1D 00 00 00 00 00

001:015:000:STREAM             1639132792.745291
 06 00 00 00 00 00 00 00

001:015:000:STREAM             1639132793.157099
 06 01 1D 00 00 00 00 00

001:015:000:STREAM             1639132793.257130
 06 00 00 00 00 00 00 00

001:015:000:STREAM             1639132793.593238
 06 01 1D 00 00 00 00 00

001:015:000:STREAM             1639132793.705259
 06 00 00 00 00 00 00 00

001:015:000:STREAM             1639132794.053075
 06 01 1D 00 00 00 00 00

001:015:000:STREAM             1639132794.173208
 06 00 00 00 00 00 00 00

001:015:000:STREAM             1639132794.497201
 06 01 1D 00 00 00 00 00

001:015:000:STREAM             1639132794.601285
 06 00 00 00 00 00 00 00

001:015:000:STREAM             1639132794.957294
 06 01 1D 00 00 00 00 00

001:015:000:STREAM             1639132795.077294
 06 00 00 00 00 00 00 00

001:015:000:STREAM             1639132795.409207
 06 01 1D 00 00 00 00 00

001:015:000:STREAM             1639132795.545335
 06 00 00 00 00 00 00 00

001:015:000:STREAM             1639132795.869320
 06 01 1D 00 00 00 00 00

001:015:000:STREAM             1639132795.989334
 06 00 00 00 00 00 00 00

001:015:000:STREAM             1639132796.493319
 06 01 1D 00 00 00 00 00

001:015:000:STREAM             1639132796.537233
 06 00 00 00 00 00 00 00

001:015:000:STREAM             1639132796.905344
 06 01 1D 00 00 00 00 00

001:015:000:STREAM             1639132797.009129
 06 00 00 00 00 00 00 00

001:015:000:STREAM             1639132797.365243
 06 01 1D 00 00 00 00 00

001:015:000:STREAM             1639132797.461325
 06 00 00 00 00 00 00 00

001:015:000:STREAM             1639132797.757335
 06 01 1D 00 00 00 00 00

001:015:000:STREAM             1639132797.857348
 06 00 00 00 00 00 00 00

001:015:000:STREAM             1639132798.149083
 06 01 1D 00 00 00 00 00

001:015:000:STREAM             1639132798.325213
 06 00 00 00 00 00 00 00

001:015:000:STREAM             1639132798.649293
 06 01 1D 00 00 00 00 00

001:015:000:STREAM             1639132798.765289
 06 00 00 00 00 00 00 00

001:015:000:STREAM             1639132798.993300
 06 01 1D 00 00 00 00 00

001:015:000:STREAM             1639132799.109288
 06 00 00 00 00 00 00 00

001:015:000:STREAM             1639132799.441309
 06 01 1D 00 00 00 00 00

001:015:000:STREAM             1639132799.561316
 06 00 00 00 00 00 00 00

001:015:000:STREAM             1639132799.877307
 06 01 1D 00 00 00 00 00

001:015:000:STREAM             1639132799.977294
 06 00 00 00 00 00 00 00

001:015:000:STREAM             1639132800.285291
 06 01 1D 00 00 00 00 00

001:015:000:STREAM             1639132800.421315
 06 00 00 00 00 00 00 00

001:015:000:STREAM             1639132800.741099
 06 01 1D 00 00 00 00 00

001:015:000:STREAM             1639132800.869311
 06 00 00 00 00 00 00 00

001:015:000:STREAM             1639132801.105330
 06 01 1D 00 00 00 00 00

001:015:000:STREAM             1639132801.241307
 06 00 00 00 00 00 00 00

001:015:000:STREAM             1639132801.461307
 06 01 1D 00 00 00 00 00

001:015:000:STREAM             1639132801.577297
 06 00 00 00 00 00 00 00

001:015:000:STREAM             1639132801.893218
 06 01 1D 00 00 00 00 00

001:015:000:STREAM             1639132802.009133
 06 00 00 00 00 00 00 00

001:015:000:STREAM             1639132802.197169
 06 01 1D 00 00 00 00 00

001:015:000:STREAM             1639132802.337302
 06 00 00 00 00 00 00 00

001:015:000:STREAM             1639132802.689324
 06 01 1D 00 00 00 00 00

001:015:000:STREAM             1639132802.793299
 06 00 00 00 00 00 00 00

001:015:000:STREAM             1639132802.953328
 06 01 1D 00 00 00 00 00

001:015:000:STREAM             1639132803.069294
 06 00 00 00 00 00 00 00

001:015:000:STREAM             1639132803.209327
 06 01 1D 00 00 00 00 00

001:015:000:STREAM             1639132803.317129
 06 00 00 00 00 00 00 00

001:015:000:STREAM             1639132803.493309
 06 01 1D 00 00 00 00 00

001:015:000:STREAM             1639132803.613230
 06 00 00 00 00 00 00 00

001:015:000:STREAM             1639132803.845343
 06 01 1D 00 00 00 00 00

001:015:000:STREAM             1639132803.957361
 06 00 00 00 00 00 00 00

001:015:000:STREAM             1639132804.157182
 06 01 1D 00 00 00 00 00

001:015:000:STREAM             1639132804.257211
 06 00 00 00 00 00 00 00

001:015:000:STREAM             1639132804.437302
 06 01 1D 00 00 00 00 00

001:015:000:STREAM             1639132804.533316
 06 00 00 00 00 00 00 00

001:015:000:STREAM             1639132804.689331
 06 01 1D 00 00 00 00 00

001:015:000:STREAM             1639132804.789223
 06 00 00 00 00 00 00 00

001:015:000:STREAM             1639132804.941318
 06 01 1D 00 00 00 00 00

001:015:000:STREAM             1639132804.989205
 06 00 00 00 00 00 00 00

001:015:000:STREAM             1639132805.321309
 06 01 1D 00 00 00 00 00

001:015:000:STREAM             1639132805.357169
 06 00 00 00 00 00 00 00

001:015:000:STREAM             1639132805.545317
 06 01 1D 00 00 00 00 00

001:015:000:STREAM             1639132805.653323
 06 00 00 00 00 00 00 00

001:015:000:STREAM             1639132805.817329
 06 01 1D 00 00 00 00 00

001:015:000:STREAM             1639132805.897317
 06 00 00 00 00 00 00 00

001:015:000:STREAM             1639132806.045318
 06 01 1D 00 00 00 00 00

001:015:000:STREAM             1639132806.121141
 06 00 00 00 00 00 00 00

001:015:000:STREAM             1639132806.269168
 06 01 1D 00 00 00 00 00

001:015:000:STREAM             1639132806.325140
 06 00 00 00 00 00 00 00

001:015:000:STREAM             1639132806.477330
 06 01 1D 00 00 00 00 00

001:015:000:STREAM             1639132806.557319
 06 00 00 00 00 00 00 00

001:015:000:STREAM             1639132806.709319
 06 01 1D 00 00 00 00 00

001:015:000:STREAM             1639132806.765291
 06 00 00 00 00 00 00 00

001:015:000:STREAM             1639132806.909320
 06 01 1D 00 00 00 00 00

001:015:000:STREAM             1639132806.973207
 06 00 00 00 00 00 00 00

001:015:000:STREAM             1639132807.125264
 06 01 1D 00 00 00 00 00

001:015:000:STREAM             1639132807.205316
 06 00 00 00 00 00 00 00

001:015:000:STREAM             1639132807.369210
 06 01 1D 00 00 00 00 00

001:015:000:STREAM             1639132807.449324
 06 00 00 00 00 00 00 00

001:015:000:STREAM             1639132807.641345
 06 01 1D 00 00 00 00 00

001:015:000:STREAM             1639132807.785251
 06 00 00 00 00 00 00 00

001:015:000:STREAM             1639132807.969345
 06 01 1D 00 00 00 00 00

001:015:000:STREAM             1639132808.045182
 06 00 00 00 00 00 00 00

001:015:000:STREAM             1639132808.209293
 06 01 1D 00 00 00 00 00

001:015:000:STREAM             1639132808.285302
 06 00 00 00 00 00 00 00

001:015:000:STREAM             1639132808.437249
 06 01 1D 00 00 00 00 00

001:015:000:STREAM             1639132808.533371
 06 00 00 00 00 00 00 00

001:015:000:STREAM             1639132808.693371
 06 01 1D 00 00 00 00 00

001:015:000:STREAM             1639132808.733228
 06 00 00 00 00 00 00 00

001:015:000:STREAM             1639132808.881363
 06 01 1D 00 00 00 00 00

001:015:000:STREAM             1639132809.033366
 06 00 00 00 00 00 00 00

001:015:000:STREAM             1639132809.193365
 06 01 1D 00 00 00 00 00

001:015:000:STREAM             1639132809.301314
 06 00 00 00 00 00 00 00

001:015:000:STREAM             1639132809.453397
 06 01 1D 00 00 00 00 00

001:015:000:STREAM             1639132809.525372
 06 00 00 00 00 00 00 00

001:015:000:STREAM             1639132809.769394
 06 01 1D 00 00 00 00 00

001:015:000:STREAM             1639132809.881367
 06 00 00 00 00 00 00 00

001:015:000:STREAM             1639132810.049259
 06 01 1D 00 00 00 00 00

001:015:000:STREAM             1639132810.133128
 06 00 00 00 00 00 00 00

001:015:000:STREAM             1639132810.297329
 06 01 1D 00 00 00 00 00

001:015:000:STREAM             1639132810.389343
 06 00 00 00 00 00 00 00

001:015:000:STREAM             1639132810.521332
 06 01 1D 00 00 00 00 00

001:015:000:STREAM             1639132810.625334
 06 00 00 00 00 00 00 00

001:015:000:STREAM             1639132810.753262
 06 01 1D 00 00 00 00 00

001:015:000:STREAM             1639132810.849226
 06 00 00 00 00 00 00 00

001:015:000:STREAM             1639132810.989216
 06 01 1D 00 00 00 00 00

001:015:000:STREAM             1639132811.093340
 06 00 00 00 00 00 00 00

001:015:000:STREAM             1639132811.261328
 06 01 1D 00 00 00 00 00

001:015:000:STREAM             1639132811.341305
 06 00 00 00 00 00 00 00

001:015:000:STREAM             1639132811.505361
 06 01 1D 00 00 00 00 00

001:015:000:STREAM             1639132811.589334
 06 00 00 00 00 00 00 00

001:015:000:STREAM             1639132811.753333
 06 01 1D 00 00 00 00 00

001:015:000:STREAM             1639132811.829336
 06 00 00 00 00 00 00 00

001:015:000:STREAM             1639132811.985351
 06 01 1D 00 00 00 00 00

001:015:000:STREAM             1639132812.073132
 06 00 00 00 00 00 00 00

001:015:000:STREAM             1639132812.213265
 06 01 1D 00 00 00 00 00

001:015:000:STREAM             1639132812.313241
 06 00 00 00 00 00 00 00

001:015:000:STREAM             1639132812.465342
 06 01 1D 00 00 00 00 00

001:015:000:STREAM             1639132812.557263
 06 00 00 00 00 00 00 00

001:015:000:STREAM             1639132812.693344
 06 01 1D 00 00 00 00 00

001:015:000:STREAM             1639132812.813254
 06 00 00 00 00 00 00 00

001:015:000:STREAM             1639132812.973257
 06 01 1D 00 00 00 00 00

001:015:000:STREAM             1639132813.045208
 06 00 00 00 00 00 00 00

001:015:000:STREAM             1639132813.209345
 06 01 1D 00 00 00 00 00

001:015:000:STREAM             1639132813.313338
 06 00 00 00 00 00 00 00

001:015:000:STREAM             1639132813.489345
 06 01 1D 00 00 00 00 00

001:015:000:STREAM             1639132813.545337
 06 00 00 00 00 00 00 00

001:015:000:STREAM             1639132813.725339
 06 01 1D 00 00 00 00 00

001:015:000:STREAM             1639132813.857277
 06 00 00 00 00 00 00 00

001:015:000:STREAM             1639132814.001254
 06 01 1D 00 00 00 00 00

001:015:000:STREAM             1639132814.065163
 06 00 00 00 00 00 00 00

001:015:000:STREAM             1639132814.221373
 06 01 1D 00 00 00 00 00

001:015:000:STREAM             1639132814.313194
 06 00 00 00 00 00 00 00

001:015:000:STREAM             1639132814.469384
 06 01 1D 00 00 00 00 00

001:015:000:STREAM             1639132814.561391
 06 00 00 00 00 00 00 00

001:015:000:STREAM             1639132814.721382
 06 01 1D 00 00 00 00 00

001:015:000:STREAM             1639132814.805276
 06 00 00 00 00 00 00 00

001:015:000:STREAM             1639132814.985392
 06 01 1D 00 00 00 00 00

001:015:000:STREAM             1639132815.077384
 06 00 00 00 00 00 00 00

001:015:000:STREAM             1639132815.241403
 06 01 1D 00 00 00 00 00

001:015:000:STREAM             1639132815.357383
 06 00 00 00 00 00 00 00

001:015:000:STREAM             1639132815.501419
 06 01 1D 00 00 00 00 00

001:015:000:STREAM             1639132815.601307
 06 00 00 00 00 00 00 00

001:015:000:STREAM             1639132815.745399
 06 01 1D 00 00 00 00 00

001:015:000:STREAM             1639132815.845386
 06 00 00 00 00 00 00 00

001:015:000:STREAM             1639132816.017387
 06 01 1D 00 00 00 00 00

001:015:000:STREAM             1639132816.101171
 06 00 00 00 00 00 00 00

001:015:000:STREAM             1639132816.249392
 06 01 1D 00 00 00 00 00

001:015:000:STREAM             1639132816.353308
 06 00 00 00 00 00 00 00

001:015:000:STREAM             1639132816.481386
 06 01 1D 00 00 00 00 00

001:015:000:STREAM             1639132816.581397
 06 00 00 00 00 00 00 00

001:015:000:STREAM             1639132816.757402
 06 01 1D 00 00 00 00 00

001:015:000:STREAM             1639132816.869367
 06 00 00 00 00 00 00 00

001:015:000:STREAM             1639132817.025357
 06 01 1D 00 00 00 00 00

001:015:000:STREAM             1639132817.117306
 06 00 00 00 00 00 00 00

001:015:000:STREAM             1639132817.289407
 06 01 1D 00 00 00 00 00

001:015:000:STREAM             1639132817.377405
 06 00 00 00 00 00 00 00

001:015:000:STREAM             1639132817.545441
 06 01 1D 00 00 00 00 00

001:015:000:STREAM             1639132817.645395
 06 00 00 00 00 00 00 00

001:015:000:STREAM             1639132817.801418
 06 01 1D 00 00 00 00 00

001:015:000:STREAM             1639132817.877401
 06 00 00 00 00 00 00 00

001:015:000:STREAM             1639132818.065294
 06 01 1D 00 00 00 00 00

001:015:000:STREAM             1639132818.149150
 06 00 00 00 00 00 00 00

001:015:000:STREAM             1639132818.305251
 06 01 1D 00 00 00 00 00

001:015:000:STREAM             1639132818.357328
 06 00 00 00 00 00 00 00

001:015:000:STREAM             1639132818.537350
 06 01 1D 00 00 00 00 00

001:015:000:STREAM             1639132818.657355
 06 00 00 00 00 00 00 00

001:015:000:STREAM             1639132818.837377
 06 01 1D 00 00 00 00 00

001:015:000:STREAM             1639132818.897367
 06 00 00 00 00 00 00 00

001:015:000:STREAM             1639132819.089354
 06 01 1D 00 00 00 00 00

001:015:000:STREAM             1639132819.185430
 06 00 00 00 00 00 00 00

001:015:000:STREAM             1639132819.341399
 06 01 1D 00 00 00 00 00

001:015:000:STREAM             1639132819.457418
 06 00 00 00 00 00 00 00

001:015:000:STREAM             1639132819.621423
 06 01 1D 00 00 00 00 00

001:015:000:STREAM             1639132819.721395
 06 00 00 00 00 00 00 00

001:015:000:STREAM             1639132819.873404
 06 01 1D 00 00 00 00 00

001:015:000:STREAM             1639132819.973320
 06 00 00 00 00 00 00 00

001:015:000:STREAM             1639132820.121216
 06 01 1D 00 00 00 00 00

001:015:000:STREAM             1639132820.221402
 06 00 00 00 00 00 00 00

001:015:000:STREAM             1639132820.393455
 06 01 1D 00 00 00 00 00

001:015:000:STREAM             1639132820.501397
 06 00 00 00 00 00 00 00

001:015:000:STREAM             1639132820.665435
 06 01 1D 00 00 00 00 00

001:015:000:STREAM             1639132820.797410
 06 00 00 00 00 00 00 00

001:015:000:STREAM             1639132820.969420
 06 01 1D 00 00 00 00 00

001:015:000:STREAM             1639132821.073385
 06 00 00 00 00 00 00 00

001:015:000:STREAM             1639132821.233342
 06 01 1D 00 00 00 00 00

001:015:000:STREAM             1639132821.365418
 06 00 00 00 00 00 00 00

001:015:000:STREAM             1639132821.513419
 06 01 1D 00 00 00 00 00

001:015:000:STREAM             1639132821.581405
 06 00 00 00 00 00 00 00

001:015:000:STREAM             1639132821.741407
 06 01 1D 00 00 00 00 00

001:015:000:STREAM             1639132821.853401
 06 00 00 00 00 00 00 00

001:015:000:STREAM             1639132822.017331
 06 01 1D 00 00 00 00 00

001:015:000:STREAM             1639132822.085222
 06 00 00 00 00 00 00 00

001:015:000:STREAM             1639132822.273434
 06 01 1D 00 00 00 00 00

001:015:000:STREAM             1639132822.401425
 06 00 00 00 00 00 00 00

001:015:000:STREAM             1639132822.609426
 06 01 1D 00 00 00 00 00

001:015:000:STREAM             1639132822.669410
 06 00 00 00 00 00 00 00

001:015:000:STREAM             1639132823.061246
 06 01 1D 00 00 00 00 00

001:015:000:STREAM             1639132823.173417
 06 00 00 00 00 00 00 00

001:015:000:STREAM             1639132823.353437
 06 01 1D 00 00 00 00 00

001:015:000:STREAM             1639132823.413290
 06 00 00 00 00 00 00 00

001:015:000:STREAM             1639132823.589334
 06 01 1D 00 00 00 00 00

001:015:000:STREAM             1639132823.685387
 06 00 00 00 00 00 00 00

001:015:000:STREAM             1639132823.873419
 06 01 1D 00 00 00 00 00

001:015:000:STREAM             1639132824.025352
 06 00 00 00 00 00 00 00

001:015:000:STREAM             1639132824.221394
 06 01 1D 00 00 00 00 00

001:015:000:STREAM             1639132824.321422
 06 00 00 00 00 00 00 00

001:015:000:STREAM             1639132824.501415
 06 01 1D 00 00 00 00 00

001:015:000:STREAM             1639132824.709414
 06 00 00 00 00 00 00 00

001:015:000:STREAM             1639132824.933314
 06 01 1D 00 00 00 00 00

001:015:000:STREAM             1639132825.053394
 06 00 00 00 00 00 00 00

001:015:000:STREAM             1639132825.229437
 06 01 1D 00 00 00 00 00

001:015:000:STREAM             1639132825.333392
 06 00 00 00 00 00 00 00

001:015:000:STREAM             1639132825.489432
 06 01 1D 00 00 00 00 00

001:015:000:STREAM             1639132825.609425
 06 00 00 00 00 00 00 00

001:015:000:STREAM             1639132825.745260
 06 01 1D 00 00 00 00 00

001:015:000:STREAM             1639132825.897378
 06 00 00 00 00 00 00 00

001:015:000:STREAM             1639132826.069269
 06 01 1D 00 00 00 00 00

001:015:000:STREAM             1639132826.209399
 06 00 00 00 00 00 00 00

001:015:000:STREAM             1639132826.385450
 06 01 1D 00 00 00 00 00

001:015:000:STREAM             1639132826.481439
 06 00 00 00 00 00 00 00

001:015:000:STREAM             1639132826.641419
 06 01 1D 00 00 00 00 00

001:015:000:STREAM             1639132826.713420
 06 00 00 00 00 00 00 00

001:015:000:STREAM             1639132826.877439
 06 01 1D 00 00 00 00 00

001:015:000:STREAM             1639132826.961435
 06 00 00 00 00 00 00 00

001:015:000:STREAM             1639132827.113430
 06 01 1D 00 00 00 00 00

001:015:000:STREAM             1639132827.209418
 06 00 00 00 00 00 00 00

001:015:000:STREAM             1639132827.365430
 06 01 1D 00 00 00 00 00

001:015:000:STREAM             1639132827.461427
 06 00 00 00 00 00 00 00

001:015:000:STREAM             1639132827.645423
 06 01 1D 00 00 00 00 00

001:015:000:STREAM             1639132827.721326
 06 00 00 00 00 00 00 00

001:015:000:STREAM             1639132827.897470
 06 01 1D 00 00 00 00 00

001:015:000:STREAM             1639132827.973338
 06 00 00 00 00 00 00 00

001:015:000:STREAM             1639132828.173345
 06 01 1D 00 00 00 00 00

001:015:000:STREAM             1639132828.249421
 06 00 00 00 00 00 00 00

001:015:000:STREAM             1639132828.505346
 06 01 1D 00 00 00 00 00

001:015:000:STREAM             1639132828.569422
 06 00 00 00 00 00 00 00

001:015:000:STREAM             1639132828.769317
 06 01 1D 00 00 00 00 00

001:015:000:STREAM             1639132828.825336
 06 00 00 00 00 00 00 00

001:015:000:STREAM             1639132828.997430
 06 01 1D 00 00 00 00 00

001:015:000:STREAM             1639132829.077340
 06 00 00 00 00 00 00 00

001:015:000:STREAM             1639132829.253435
 06 01 1D 00 00 00 00 00

001:015:000:STREAM             1639132829.285308
 06 00 00 00 00 00 00 00

001:015:000:STREAM             1639132829.469369
 06 01 1D 00 00 00 00 00

001:015:000:STREAM             1639132829.569430
 06 00 00 00 00 00 00 00

001:015:000:STREAM             1639132829.737360
 06 01 1D 00 00 00 00 00

001:015:000:STREAM             1639132829.809421
 06 00 00 00 00 00 00 00

001:015:000:STREAM             1639132829.977433
 06 01 1D 00 00 00 00 00

001:015:000:STREAM             1639132830.065277
 06 00 00 00 00 00 00 00

001:015:000:STREAM             1639132830.229393
 06 01 1D 00 00 00 00 00

001:015:000:STREAM             1639132830.313388
 06 00 00 00 00 00 00 00

001:015:000:STREAM             1639132830.489388
 06 01 1D 00 00 00 00 00

001:015:000:STREAM             1639132830.597400
 06 00 00 00 00 00 00 00

001:015:000:STREAM             1639132830.793321
 06 01 1D 00 00 00 00 00

001:015:000:STREAM             1639132830.913308
 06 00 00 00 00 00 00 00

001:015:000:STREAM             1639132831.113397
 06 01 1D 00 00 00 00 00

001:015:000:STREAM             1639132831.185417
 06 00 00 00 00 00 00 00

001:015:000:STREAM             1639132831.473419
 06 01 1D 00 00 00 00 00

001:015:000:STREAM             1639132831.569267
 06 00 00 00 00 00 00 00

001:015:000:STREAM             1639132831.881421
 06 01 1D 00 00 00 00 00

001:015:000:STREAM             1639132831.981404
 06 00 00 00 00 00 00 00

001:015:000:STREAM             1639132832.133227
 06 01 1D 00 00 00 00 00

001:015:000:STREAM             1639132832.261395
 06 00 00 00 00 00 00 00

001:015:000:STREAM             1639132832.433318
 06 01 1D 00 00 00 00 00

001:015:000:STREAM             1639132832.525394
 06 00 00 00 00 00 00 00

001:015:000:STREAM             1639132832.809406
 06 01 1D 00 00 00 00 00

001:015:000:STREAM             1639132832.937345
 06 00 00 00 00 00 00 00

001:015:000:STREAM             1639132833.149299
 06 01 1D 00 00 00 00 00

001:015:000:STREAM             1639132833.273309
 06 00 00 00 00 00 00 00

001:015:000:STREAM             1639132833.473410
 06 01 1D 00 00 00 00 00

001:015:000:STREAM             1639132833.581418
 06 00 00 00 00 00 00 00

001:015:000:STREAM             1639132833.781405
 06 01 1D 00 00 00 00 00

001:015:000:STREAM             1639132833.889403
 06 00 00 00 00 00 00 00

001:015:000:STREAM             1639132834.073276
 06 01 1D 00 00 00 00 00

001:015:000:STREAM             1639132834.157331
 06 00 00 00 00 00 00 00

001:015:000:STREAM             1639132834.377420
 06 01 1D 00 00 00 00 00

001:015:000:STREAM             1639132834.437414
 06 00 00 00 00 00 00 00

001:015:000:STREAM             1639132834.621403
 06 01 1D 00 00 00 00 00

001:015:000:STREAM             1639132834.685400
 06 00 00 00 00 00 00 00

001:015:000:STREAM             1639132834.881423
 06 01 1D 00 00 00 00 00

001:015:000:STREAM             1639132834.989406
 06 00 00 00 00 00 00 00

001:015:000:STREAM             1639132835.201334
 06 01 1D 00 00 00 00 00

001:015:000:STREAM             1639132835.281411
 06 00 00 00 00 00 00 00

001:015:000:STREAM             1639132835.505362
 06 01 1D 00 00 00 00 00

001:015:000:STREAM             1639132835.653466
 06 00 00 00 00 00 00 00

001:015:000:STREAM             1639132835.801470
 06 01 1D 00 00 00 00 00

001:015:000:STREAM             1639132835.917330
 06 00 00 00 00 00 00 00

001:015:000:STREAM             1639132836.085264
 06 01 1D 00 00 00 00 00

001:015:000:STREAM             1639132836.173356
 06 00 00 00 00 00 00 00

001:015:000:STREAM             1639132836.337459
 06 01 1D 00 00 00 00 00

001:015:000:STREAM             1639132836.417457
 06 00 00 00 00 00 00 00

001:015:000:STREAM             1639132836.601281
 06 01 1D 00 00 00 00 00

001:015:000:STREAM             1639132836.693466
 06 00 00 00 00 00 00 00

001:015:000:STREAM             1639132836.857476
 06 01 1D 00 00 00 00 00

001:015:000:STREAM             1639132836.965427
 06 00 00 00 00 00 00 00

001:015:000:STREAM             1639132837.149451
 06 01 1D 00 00 00 00 00

001:015:000:STREAM             1639132837.241453
 06 00 00 00 00 00 00 00

001:015:000:STREAM             1639132837.461447
 06 01 1D 00 00 00 00 00

001:015:000:STREAM             1639132837.529398
 06 00 00 00 00 00 00 00

001:015:000:STREAM             1639132837.705469
 06 01 1D 00 00 00 00 00

001:015:000:STREAM             1639132837.801453
 06 00 00 00 00 00 00 00

001:015:000:STREAM             1639132837.993346
 06 01 1D 00 00 00 00 00

001:015:000:STREAM             1639132838.061271
 06 00 00 00 00 00 00 00

001:015:000:STREAM             1639132838.401465
 06 01 1D 00 00 00 00 00

001:015:000:STREAM             1639132838.557458
 06 00 00 00 00 00 00 00

001:015:000:STREAM             1639132838.657465
 06 01 1D 00 00 00 00 00

001:015:000:STREAM             1639132838.785470
 06 00 00 00 00 00 00 00

001:015:000:STREAM             1639132838.933457
 06 01 1D 00 00 00 00 00

001:015:000:STREAM             1639132839.009377
 06 00 00 00 00 00 00 00

001:015:000:STREAM             1639132839.133454
 06 01 1D 00 00 00 00 00

001:015:000:STREAM             1639132839.269354
 06 00 00 00 00 00 00 00

001:015:000:STREAM             1639132839.829453
 06 01 1D 00 00 00 00 00

001:015:000:STREAM             1639132839.905346
 06 00 00 00 00 00 00 00

001:015:000:STREAM             1639132840.065250
 06 01 1D 00 00 00 00 00

001:015:000:STREAM             1639132840.165307
 06 00 00 00 00 00 00 00

001:015:000:STREAM             1639132840.325461
 06 01 1D 00 00 00 00 00

001:015:000:STREAM             1639132840.413455
 06 00 00 00 00 00 00 00

001:015:000:STREAM             1639132840.569397
 06 01 1D 00 00 00 00 00

001:015:000:STREAM             1639132840.657470
 06 00 00 00 00 00 00 00

001:015:000:STREAM             1639132840.857481
 06 01 1D 00 00 00 00 00

001:015:000:STREAM             1639132840.941461
 06 00 00 00 00 00 00 00

001:015:000:STREAM             1639132841.137473
 06 01 1D 00 00 00 00 00

001:015:000:STREAM             1639132841.213456
 06 00 00 00 00 00 00 00

001:015:000:STREAM             1639132841.393488
 06 01 1D 00 00 00 00 00

001:015:000:STREAM             1639132841.461467
 06 00 00 00 00 00 00 00

001:015:000:STREAM             1639132841.665472
 06 01 1D 00 00 00 00 00

001:015:000:STREAM             1639132841.733465
 06 00 00 00 00 00 00 00

001:015:000:STREAM             1639132841.953491
 06 01 1D 00 00 00 00 00

001:015:000:STREAM             1639132841.993461
 06 00 00 00 00 00 00 00

001:015:000:STREAM             1639132842.181413
 06 01 1D 00 00 00 00 00

001:015:000:STREAM             1639132842.281479
 06 00 00 00 00 00 00 00

001:015:000:STREAM             1639132842.461498
 06 01 1D 00 00 00 00 00

001:015:000:STREAM             1639132842.533388
 06 00 00 00 00 00 00 00

001:015:000:STREAM             1639132842.741476
 06 01 1D 00 00 00 00 00

001:015:000:STREAM             1639132842.829349
 06 00 00 00 00 00 00 00

001:015:000:STREAM             1639132843.101440
 06 01 1D 00 00 00 00 00

001:015:000:STREAM             1639132843.169344
 06 00 00 00 00 00 00 00

001:015:000:STREAM             1639132843.397449
 06 01 1D 00 00 00 00 00

001:015:000:STREAM             1639132843.509453
 06 00 00 00 00 00 00 00

001:015:000:STREAM             1639132843.797458
 06 01 1D 00 00 00 00 00

001:015:000:STREAM             1639132843.849432
 06 00 00 00 00 00 00 00

001:015:000:STREAM             1639132844.137364
 06 01 1D 00 00 00 00 00

001:015:000:STREAM             1639132844.229347
 06 00 00 00 00 00 00 00

001:015:000:STREAM             1639132844.493464
 06 01 1D 00 00 00 00 00

001:015:000:STREAM             1639132844.593440
 06 00 00 00 00 00 00 00

001:015:000:STREAM             1639132844.853459
 06 01 1D 00 00 00 00 00

001:015:000:STREAM             1639132844.913355
 06 00 00 00 00 00 00 00

001:015:000:STREAM             1639132845.545504
 06 01 1D 00 00 00 00 00

001:015:000:STREAM             1639132845.605346
 06 00 00 00 00 00 00 00

001:015:000:STREAM             1639132845.949405
 06 01 1D 00 00 00 00 00

001:015:000:STREAM             1639132846.041479
 06 00 00 00 00 00 00 00

001:015:000:STREAM             1639132846.229491
 06 01 1D 00 00 00 00 00

001:015:000:STREAM             1639132846.309485
 06 00 00 00 00 00 00 00

001:015:000:STREAM             1639132846.529512
 06 01 1D 00 00 00 00 00

001:015:000:STREAM             1639132846.589372
 06 00 00 00 00 00 00 00

001:015:000:STREAM             1639132846.753504
 06 01 1D 00 00 00 00 00

001:015:000:STREAM             1639132846.845481
 06 00 00 00 00 00 00 00

001:015:000:STREAM             1639132847.025388
 06 01 1D 00 00 00 00 00

001:015:000:STREAM             1639132847.105365
 06 00 00 00 00 00 00 00

001:015:000:STREAM             1639132847.261363
 06 01 1D 00 00 00 00 00

001:015:000:STREAM             1639132847.357473
 06 00 00 00 00 00 00 00

001:015:000:STREAM             1639132847.537524
 06 01 1D 00 00 00 00 00

001:015:000:STREAM             1639132847.609490
 06 00 00 00 00 00 00 00

001:015:000:STREAM             1639132847.801491
 06 01 1D 00 00 00 00 00

001:015:000:STREAM             1639132847.853484
 06 00 00 00 00 00 00 00

001:015:000:STREAM             1639132848.049491
 06 01 1D 00 00 00 00 00

001:015:000:STREAM             1639132848.137288
 06 00 00 00 00 00 00 00

001:015:000:STREAM             1639132848.345448
 06 01 1D 00 00 00 00 00

001:015:000:STREAM             1639132848.433459
 06 00 00 00 00 00 00 00

001:015:000:STREAM             1639132848.653461
 06 01 1D 00 00 00 00 00

001:015:000:STREAM             1639132848.745446
 06 00 00 00 00 00 00 00

001:015:000:STREAM             1639132848.969474
 06 01 1D 00 00 00 00 00

001:015:000:STREAM             1639132849.025381
 06 00 00 00 00 00 00 00

001:015:000:STREAM             1639132849.221324
 06 01 1D 00 00 00 00 00

001:015:000:STREAM             1639132849.293445
 06 00 00 00 00 00 00 00

001:015:000:STREAM             1639132849.573479
 06 01 1D 00 00 00 00 00

001:015:000:STREAM             1639132849.617366
 06 00 00 00 00 00 00 00

001:015:000:STREAM             1639132849.897458
 06 01 1D 00 00 00 00 00

001:015:000:STREAM             1639132849.965336
 06 00 00 00 00 00 00 00

001:015:000:STREAM             1639132850.193382
 06 01 1D 00 00 00 00 00

001:015:000:STREAM             1639132850.333470
 06 00 00 00 00 00 00 00

001:015:000:STREAM             1639132850.593464
 06 01 1D 00 00 00 00 00

001:015:000:STREAM             1639132850.677449
 06 00 00 00 00 00 00 00

001:015:000:STREAM             1639132850.873454
 06 01 1D 00 00 00 00 00

001:015:000:STREAM             1639132850.973387
 06 00 00 00 00 00 00 00

001:015:000:STREAM             1639132851.413470
 06 01 1D 00 00 00 00 00

001:015:000:STREAM             1639132851.481379
 06 00 00 00 00 00 00 00

001:015:000:STREAM             1639132851.665483
 06 01 1D 00 00 00 00 00

001:015:000:STREAM             1639132851.777459
 06 00 00 00 00 00 00 00

001:015:000:STREAM             1639132851.949374
 06 01 1D 00 00 00 00 00

001:015:000:STREAM             1639132852.017452
 06 00 00 00 00 00 00 00

001:015:000:STREAM             1639132852.173387
 06 01 1D 00 00 00 00 00

001:015:000:STREAM             1639132852.273381
 06 00 00 00 00 00 00 00

001:015:000:STREAM             1639132852.413374
 06 01 1D 00 00 00 00 00

001:015:000:STREAM             1639132852.521464
 06 00 00 00 00 00 00 00

001:015:000:STREAM             1639132852.665475
 06 01 1D 00 00 00 00 00

001:015:000:STREAM             1639132852.785471
 06 00 00 00 00 00 00 00

001:015:000:STREAM             1639132852.901447
 06 01 1D 00 00 00 00 00

001:015:000:STREAM             1639132852.977505
 06 00 00 00 00 00 00 00

001:015:000:STREAM             1639132853.133429
 06 01 1D 00 00 00 00 00

001:015:000:STREAM             1639132853.209495
 06 00 00 00 00 00 00 00

001:015:000:STREAM             1639132853.385512
 06 01 1D 00 00 00 00 00

001:015:000:STREAM             1639132853.445494
 06 00 00 00 00 00 00 00

001:015:000:STREAM             1639132853.617386
 06 01 1D 00 00 00 00 00

001:015:000:STREAM             1639132853.693471
 06 00 00 00 00 00 00 00

001:015:000:STREAM             1639132853.833511
 06 01 1D 00 00 00 00 00

001:015:000:STREAM             1639132853.929505
 06 00 00 00 00 00 00 00

001:015:000:STREAM             1639132854.089342
 06 01 1D 00 00 00 00 00

001:015:000:STREAM             1639132854.181313
 06 00 00 00 00 00 00 00

001:015:000:STREAM             1639132854.321511
 06 01 1D 00 00 00 00 00

001:015:000:STREAM             1639132854.409516
 06 00 00 00 00 00 00 00

001:015:000:STREAM             1639132854.557341
 06 01 1D 00 00 00 00 00

001:015:000:STREAM             1639132854.637505
 06 00 00 00 00 00 00 00

001:015:000:STREAM             1639132854.809497
 06 01 1D 00 00 00 00 00

001:015:000:STREAM             1639132854.869501
 06 00 00 00 00 00 00 00

001:015:000:STREAM             1639132855.005415
 06 01 1D 00 00 00 00 00

001:015:000:STREAM             1639132855.145517
 06 00 00 00 00 00 00 00

001:015:000:STREAM             1639132855.261506
 06 01 1D 00 00 00 00 00

001:015:000:STREAM             1639132855.389525
 06 00 00 00 00 00 00 00

001:015:000:STREAM             1639132855.537398
 06 01 1D 00 00 00 00 00

001:015:000:STREAM             1639132855.669515
 06 00 00 00 00 00 00 00

001:015:000:STREAM             1639132855.745520
 06 01 1D 00 00 00 00 00

001:015:000:STREAM             1639132855.861502
 06 00 00 00 00 00 00 00

001:015:000:STREAM             1639132856.025506
 06 01 1D 00 00 00 00 00

001:015:000:STREAM             1639132856.881524
 06 00 00 00 00 00 00 00

001:015:000:STREAM             1639132857.137523
 06 01 1D 00 00 00 00 00

001:015:000:STREAM             1639132857.237423
 06 00 00 00 00 00 00 00

001:015:000:STREAM             1639132857.377525
 06 01 1D 00 00 00 00 00

001:015:000:STREAM             1639132857.469508
 06 00 00 00 00 00 00 00

001:015:000:STREAM             1639132857.605512
 06 01 1D 00 00 00 00 00

001:015:000:STREAM             1639132857.697523
 06 00 00 00 00 00 00 00

001:015:000:STREAM             1639132857.869517
 06 01 1D 00 00 00 00 00

001:015:000:STREAM             1639132857.917487
 06 00 00 00 00 00 00 00

001:015:000:STREAM             1639132858.093320
 06 01 1D 00 00 00 00 00

001:015:000:STREAM             1639132858.149410
 06 00 00 00 00 00 00 00

001:015:000:STREAM             1639132858.333520
 06 01 1D 00 00 00 00 00

001:015:000:STREAM             1639132858.389511
 06 00 00 00 00 00 00 00

001:015:000:STREAM             1639132858.557510
 06 01 1D 00 00 00 00 00

001:015:000:STREAM             1639132858.633519
 06 00 00 00 00 00 00 00

001:015:000:STREAM             1639132858.793530
 06 01 1D 00 00 00 00 00

001:015:000:STREAM             1639132858.869509
 06 00 00 00 00 00 00 00

001:015:000:STREAM             1639132859.025517
 06 01 1D 00 00 00 00 00

001:015:000:STREAM             1639132859.105457
 06 00 00 00 00 00 00 00

001:015:000:STREAM             1639132859.281531
 06 01 1D 00 00 00 00 00

001:015:000:STREAM             1639132859.361518
 06 00 00 00 00 00 00 00

001:015:000:STREAM             1639132859.533426
 06 01 1D 00 00 00 00 00

001:015:000:STREAM             1639132859.589519
 06 00 00 00 00 00 00 00

001:015:000:STREAM             1639132859.773543
 06 01 1D 00 00 00 00 00

001:015:000:STREAM             1639132859.885534
 06 00 00 00 00 00 00 00

001:015:000:STREAM             1639132860.049532
 06 01 1D 00 00 00 00 00

001:015:000:STREAM             1639132860.141327
 06 00 00 00 00 00 00 00

001:015:000:STREAM             1639132860.289529
 06 01 1D 00 00 00 00 00

001:015:000:STREAM             1639132860.381540
 06 00 00 00 00 00 00 00

001:015:000:STREAM             1639132860.553537
 06 01 1D 00 00 00 00 00

001:015:000:STREAM             1639132860.617517
 06 00 00 00 00 00 00 00

001:015:000:STREAM             1639132860.813474
 06 01 1D 00 00 00 00 00

001:015:000:STREAM             1639132860.913511
 06 00 00 00 00 00 00 00

001:015:000:STREAM             1639132861.081451
 06 01 1D 00 00 00 00 00

001:015:000:STREAM             1639132861.181528
 06 00 00 00 00 00 00 00

001:015:000:STREAM             1639132861.337558
 06 01 1D 00 00 00 00 00

001:015:000:STREAM             1639132861.429520
 06 00 00 00 00 00 00 00

001:015:000:STREAM             1639132861.597475
 06 01 1D 00 00 00 00 00

001:015:000:STREAM             1639132861.685528
 06 00 00 00 00 00 00 00

001:015:000:STREAM             1639132861.849563
 06 01 1D 00 00 00 00 00

001:015:000:STREAM             1639132861.921538
 06 00 00 00 00 00 00 00

001:015:000:STREAM             1639132862.113333
 06 01 1D 00 00 00 00 00

001:015:000:STREAM             1639132862.197454
 06 00 00 00 00 00 00 00

001:015:000:STREAM             1639132862.425555
 06 01 1D 00 00 00 00 00

001:015:000:STREAM             1639132862.493530
 06 00 00 00 00 00 00 00

001:015:000:STREAM             1639132862.621527
 06 01 1D 00 00 00 00 00

001:015:000:STREAM             1639132862.705532
 06 00 00 00 00 00 00 00

001:015:000:STREAM             1639132862.821526
 06 01 1D 00 00 00 00 00

001:015:000:STREAM             1639132862.929533
 06 00 00 00 00 00 00 00

001:015:000:STREAM             1639132863.053517
 06 01 1D 00 00 00 00 00

001:015:000:STREAM             1639132863.165524
 06 00 00 00 00 00 00 00

001:015:000:STREAM             1639132863.265535
 06 01 1D 00 00 00 00 00

001:015:000:STREAM             1639132863.385422
 06 00 00 00 00 00 00 00

001:015:000:STREAM             1639132863.497562
 06 01 1D 00 00 00 00 00

001:015:000:STREAM             1639132863.581527
 06 00 00 00 00 00 00 00

001:015:000:STREAM             1639132863.737504
 06 01 1D 00 00 00 00 00

001:015:000:STREAM             1639132863.849408
 06 00 00 00 00 00 00 00

001:015:000:STREAM             1639132863.973430
 06 01 1D 00 00 00 00 00

001:015:000:STREAM             1639132864.101339
 06 00 00 00 00 00 00 00

001:015:000:STREAM             1639132864.209388
 06 01 1D 00 00 00 00 00

001:015:000:STREAM             1639132864.309454
 06 00 00 00 00 00 00 00

001:015:000:STREAM             1639132864.461531
 06 01 1D 00 00 00 00 00

001:015:000:STREAM             1639132864.541531
 06 00 00 00 00 00 00 00

001:015:000:STREAM             1639132864.673571
 06 01 1D 00 00 00 00 00

001:015:000:STREAM             1639132864.793539
 06 00 00 00 00 00 00 00

001:015:000:STREAM             1639132864.925551
 06 01 1D 00 00 00 00 00

001:015:000:STREAM             1639132865.041476
 06 00 00 00 00 00 00 00

001:015:000:STREAM             1639132865.177531
 06 01 1D 00 00 00 00 00

001:015:000:STREAM             1639132865.297569
 06 00 00 00 00 00 00 00

001:015:000:STREAM             1639132865.433550
 06 01 1D 00 00 00 00 00

001:015:000:STREAM             1639132865.549538
 06 00 00 00 00 00 00 00

001:015:000:STREAM             1639132865.697544
 06 01 1D 00 00 00 00 00

001:015:000:STREAM             1639132865.837565
 06 00 00 00 00 00 00 00

001:015:000:STREAM             1639132866.125343
 06 01 1D 00 00 00 00 00

001:015:000:STREAM             1639132866.249538
 06 00 00 00 00 00 00 00

001:015:000:STREAM             1639132866.365549
 06 01 1D 00 00 00 00 00

001:015:000:STREAM             1639132866.461468
 06 00 00 00 00 00 00 00

001:015:000:STREAM             1639132866.629546
 06 01 1D 00 00 00 00 00

001:015:000:STREAM             1639132866.717535
 06 00 00 00 00 00 00 00

001:015:000:STREAM             1639132866.853538
 06 01 1D 00 00 00 00 00

001:015:000:STREAM             1639132867.001439
 06 00 00 00 00 00 00 00

