001:015:000:STREAM             1639132904.981709
 06 01 1C 00 00 00 00 00

001:015:000:STREAM             1639132905.129677
 06 00 00 00 00 00 00 00

001:015:000:STREAM             1639132905.453546
 06 01 1C 00 00 00 00 00

001:015:000:STREAM             1639132905.585594
 06 00 00 00 00 00 00 00

001:015:000:STREAM             1639132905.869680
 06 01 1C 00 00 00 00 00

001:015:000:STREAM             1639132906.001569
 06 00 00 00 00 00 00 00

001:015:000:STREAM             1639132906.221639
 06 01 1C 00 00 00 00 00

001:015:000:STREAM             1639132906.333651
 06 00 00 00 00 00 00 00

001:015:000:STREAM             1639132906.573634
 06 01 1C 00 00 00 00 00

001:015:000:STREAM             1639132906.693627
 06 00 00 00 00 00 00 00

001:015:000:STREAM             1639132906.949648
 06 01 1C 00 00 00 00 00

001:015:000:STREAM             1639132907.077633
 06 00 00 00 00 00 00 00

001:015:000:STREAM             1639132907.285650
 06 01 1C 00 00 00 00 00

001:015:000:STREAM             1639132907.389613
 06 00 00 00 00 00 00 00

001:015:000:STREAM             1639132907.829552
 06 01 1C 00 00 00 00 00

001:015:000:STREAM             1639132907.933639
 06 00 00 00 00 00 00 00

001:015:000:STREAM             1639132908.173585
 06 01 1C 00 00 00 00 00

001:015:000:STREAM             1639132908.285642
 06 00 00 00 00 00 00 00

001:015:000:STREAM             1639132908.605547
 06 01 1C 00 00 00 00 00

001:015:000:STREAM             1639132908.745608
 06 00 00 00 00 00 00 00

001:015:000:STREAM             1639132909.065688
 06 01 1C 00 00 00 00 00

001:015:000:STREAM             1639132909.169624
 06 00 00 00 00 00 00 00

001:015:000:STREAM             1639132909.401647
 06 01 1C 00 00 00 00 00

001:015:000:STREAM             1639132909.501498
 06 00 00 00 00 00 00 00

001:015:000:STREAM             1639132909.905735
 06 01 1C 00 00 00 00 00

001:015:000:STREAM             1639132910.049695
 06 00 00 00 00 00 00 00

001:015:000:STREAM             1639132910.245702
 06 01 1C 00 00 00 00 00

001:015:000:STREAM             1639132910.357706
 06 00 00 00 00 00 00 00

001:015:000:STREAM             1639132910.653704
 06 01 1C 00 00 00 00 00

001:015:000:STREAM             1639132910.745713
 06 00 00 00 00 00 00 00

001:015:000:STREAM             1639132911.025638
 06 01 1C 00 00 00 00 00

001:015:000:STREAM             1639132911.129714
 06 00 00 00 00 00 00 00

001:015:000:STREAM             1639132911.385621
 06 01 1C 00 00 00 00 00

001:015:000:STREAM             1639132911.489475
 06 00 00 00 00 00 00 00

001:015:000:STREAM             1639132911.753698
 06 01 1C 00 00 00 00 00

001:015:000:STREAM             1639132911.873696
 06 00 00 00 00 00 00 00

001:015:000:STREAM             1639132912.173712
 06 01 1C 00 00 00 00 00

001:015:000:STREAM             1639132912.305613
 06 00 00 00 00 00 00 00

001:015:000:STREAM             1639132912.549709
 06 01 1C 00 00 00 00 00

001:015:000:STREAM             1639132912.665711
 06 00 00 00 00 00 00 00

001:015:000:STREAM             1639132912.925718
 06 01 1C 00 00 00 00 00

001:015:000:STREAM             1639132913.061698
 06 00 00 00 00 00 00 00

001:015:000:STREAM             1639132913.353709
 06 01 1C 00 00 00 00 00

001:015:000:STREAM             1639132913.469544
 06 00 00 00 00 00 00 00

001:015:000:STREAM             1639132913.877711
 06 01 1C 00 00 00 00 00

001:015:000:STREAM             1639132914.029666
 06 00 00 00 00 00 00 00

001:015:000:STREAM             1639132914.241705
 06 01 1C 00 00 00 00 00

001:015:000:STREAM             1639132914.345768
 06 00 00 00 00 00 00 00

001:015:000:STREAM             1639132914.569723
 06 01 1C 00 00 00 00 00

001:015:000:STREAM             1639132914.677715
 06 00 00 00 00 00 00 00

001:015:000:STREAM             1639132914.849750
 06 01 1C 00 00 00 00 00

001:015:000:STREAM             1639132914.973698
 06 00 00 00 00 00 00 00

001:015:000:STREAM             1639132915.229744
 06 01 1C 00 00 00 00 00

001:015:000:STREAM             1639132915.361720
 06 00 00 00 00 00 00 00

001:015:000:STREAM             1639132915.693723
 06 01 1C 00 00 00 00 00

001:015:000:STREAM             1639132915.821712
 06 00 00 00 00 00 00 00

001:015:000:STREAM             1639132916.077719
 06 01 1C 00 00 00 00 00

001:015:000:STREAM             1639132916.213741
 06 00 00 00 00 00 00 00

001:015:000:STREAM             1639132916.581777
 06 01 1C 00 00 00 00 00

001:015:000:STREAM             1639132916.693716
 06 00 00 00 00 00 00 00

001:015:000:STREAM             1639132916.957648
 06 01 1C 00 00 00 00 00

001:015:000:STREAM             1639132917.065725
 06 00 00 00 00 00 00 00

001:015:000:STREAM             1639132917.349714
 06 01 1C 00 00 00 00 00

001:015:000:STREAM             1639132917.465602
 06 00 00 00 00 00 00 00

001:015:000:STREAM             1639132917.821676
 06 01 1C 00 00 00 00 00

001:015:000:STREAM             1639132917.921724
 06 00 00 00 00 00 00 00

001:015:000:STREAM             1639132918.193746
 06 01 1C 00 00 00 00 00

001:015:000:STREAM             1639132918.297715
 06 00 00 00 00 00 00 00

001:015:000:STREAM             1639132918.613536
 06 01 1C 00 00 00 00 00

001:015:000:STREAM             1639132918.721718
 06 00 00 00 00 00 00 00

001:015:000:STREAM             1639132918.969758
 06 01 1C 00 00 00 00 00

001:015:000:STREAM             1639132919.069639
 06 00 00 00 00 00 00 00

001:015:000:STREAM             1639132919.421747
 06 01 1C 00 00 00 00 00

001:015:000:STREAM             1639132919.545578
 06 00 00 00 00 00 00 00

001:015:000:STREAM             1639132919.777759
 06 01 1C 00 00 00 00 00

001:015:000:STREAM             1639132919.889749
 06 00 00 00 00 00 00 00

001:015:000:STREAM             1639132920.185726
 06 01 1C 00 00 00 00 00

001:015:000:STREAM             1639132920.309727
 06 00 00 00 00 00 00 00

001:015:000:STREAM             1639132920.585752
 06 01 1C 00 00 00 00 00

001:015:000:STREAM             1639132920.677747
 06 00 00 00 00 00 00 00

001:015:000:STREAM             1639132920.949726
 06 01 1C 00 00 00 00 00

001:015:000:STREAM             1639132921.053731
 06 00 00 00 00 00 00 00

001:015:000:STREAM             1639132921.377749
 06 01 1C 00 00 00 00 00

001:015:000:STREAM             1639132921.489568
 06 00 00 00 00 00 00 00

001:015:000:STREAM             1639132921.909751
 06 01 1C 00 00 00 00 00

001:015:000:STREAM             1639132922.025706
 06 00 00 00 00 00 00 00

001:015:000:STREAM             1639132922.245731
 06 01 1C 00 00 00 00 00

001:015:000:STREAM             1639132922.389748
 06 00 00 00 00 00 00 00

001:015:000:STREAM             1639132922.685648
 06 01 1C 00 00 00 00 00

001:015:000:STREAM             1639132922.789733
 06 00 00 00 00 00 00 00

001:015:000:STREAM             1639132923.073734
 06 01 1C 00 00 00 00 00

001:015:000:STREAM             1639132923.221753
 06 00 00 00 00 00 00 00

001:015:000:STREAM             1639132923.485500
 06 01 1C 00 00 00 00 00

001:015:000:STREAM             1639132923.601570
 06 00 00 00 00 00 00 00

001:015:000:STREAM             1639132923.837585
 06 01 1C 00 00 00 00 00

001:015:000:STREAM             1639132923.949699
 06 00 00 00 00 00 00 00

001:015:000:STREAM             1639132924.233702
 06 01 1C 00 00 00 00 00

001:015:000:STREAM             1639132924.385698
 06 00 00 00 00 00 00 00

001:015:000:STREAM             1639132924.549723
 06 01 1C 00 00 00 00 00

001:015:000:STREAM             1639132924.685656
 06 00 00 00 00 00 00 00

001:015:000:STREAM             1639132924.901766
 06 01 1C 00 00 00 00 00

001:015:000:STREAM             1639132925.041583
 06 00 00 00 00 00 00 00

001:015:000:STREAM             1639132925.353780
 06 01 1C 00 00 00 00 00

001:015:000:STREAM             1639132925.473603
 06 00 00 00 00 00 00 00

001:015:000:STREAM             1639132925.661740
 06 01 1C 00 00 00 00 00

001:015:000:STREAM             1639132925.825767
 06 00 00 00 00 00 00 00

001:015:000:STREAM             1639132926.093771
 06 01 1C 00 00 00 00 00

001:015:000:STREAM             1639132926.225763
 06 00 00 00 00 00 00 00

001:015:000:STREAM             1639132926.445759
 06 01 1C 00 00 00 00 00

001:015:000:STREAM             1639132926.581751
 06 00 00 00 00 00 00 00

001:015:000:STREAM             1639132926.869754
 06 01 1C 00 00 00 00 00

001:015:000:STREAM             1639132927.001641
 06 00 00 00 00 00 00 00

001:015:000:STREAM             1639132927.249758
 06 01 1C 00 00 00 00 00

001:015:000:STREAM             1639132927.373775
 06 00 00 00 00 00 00 00

001:015:000:STREAM             1639132927.605642
 06 01 1C 00 00 00 00 00

001:015:000:STREAM             1639132927.729775
 06 00 00 00 00 00 00 00

001:015:000:STREAM             1639132928.009596
 06 01 1C 00 00 00 00 00

001:015:000:STREAM             1639132928.125677
 06 00 00 00 00 00 00 00

001:015:000:STREAM             1639132928.373612
 06 01 1C 00 00 00 00 00

001:015:000:STREAM             1639132928.485657
 06 00 00 00 00 00 00 00

001:015:000:STREAM             1639132928.769766
 06 01 1C 00 00 00 00 00

001:015:000:STREAM             1639132928.885778
 06 00 00 00 00 00 00 00

001:015:000:STREAM             1639132929.129745
 06 01 1C 00 00 00 00 00

001:015:000:STREAM             1639132929.245749
 06 00 00 00 00 00 00 00

001:015:000:STREAM             1639132929.537594
 06 01 1C 00 00 00 00 00

001:015:000:STREAM             1639132929.637753
 06 00 00 00 00 00 00 00

001:015:000:STREAM             1639132929.873774
 06 01 1C 00 00 00 00 00

001:015:000:STREAM             1639132929.961646
 06 00 00 00 00 00 00 00

001:015:000:STREAM             1639132930.201679
 06 01 1C 00 00 00 00 00

001:015:000:STREAM             1639132930.329761
 06 00 00 00 00 00 00 00

001:015:000:STREAM             1639132930.577798
 06 01 1C 00 00 00 00 00

001:015:000:STREAM             1639132930.685800
 06 00 00 00 00 00 00 00

001:015:000:STREAM             1639132930.973701
 06 01 1C 00 00 00 00 00

001:015:000:STREAM             1639132931.073732
 06 00 00 00 00 00 00 00

001:015:000:STREAM             1639132931.321700
 06 01 1C 00 00 00 00 00

001:015:000:STREAM             1639132931.445780
 06 00 00 00 00 00 00 00

001:015:000:STREAM             1639132931.709547
 06 01 1C 00 00 00 00 00

001:015:000:STREAM             1639132931.841519
 06 00 00 00 00 00 00 00

001:015:000:STREAM             1639132932.113738
 06 01 1C 00 00 00 00 00

001:015:000:STREAM             1639132932.241636
 06 00 00 00 00 00 00 00

001:015:000:STREAM             1639132932.489788
 06 01 1C 00 00 00 00 00

001:015:000:STREAM             1639132932.597672
 06 00 00 00 00 00 00 00

001:015:000:STREAM             1639132932.829767
 06 01 1C 00 00 00 00 00

001:015:000:STREAM             1639132932.937784
 06 00 00 00 00 00 00 00

001:015:000:STREAM             1639132933.269764
 06 01 1C 00 00 00 00 00

001:015:000:STREAM             1639132933.393765
 06 00 00 00 00 00 00 00

001:015:000:STREAM             1639132933.617656
 06 01 1C 00 00 00 00 00

001:015:000:STREAM             1639132933.773774
 06 00 00 00 00 00 00 00

001:015:000:STREAM             1639132934.033776
 06 01 1C 00 00 00 00 00

001:015:000:STREAM             1639132934.145769
 06 00 00 00 00 00 00 00

001:015:000:STREAM             1639132934.425768
 06 01 1C 00 00 00 00 00

001:015:000:STREAM             1639132934.541784
 06 00 00 00 00 00 00 00

001:015:000:STREAM             1639132934.877704
 06 01 1C 00 00 00 00 00

001:015:000:STREAM             1639132935.029627
 06 00 00 00 00 00 00 00

001:015:000:STREAM             1639132935.285764
 06 01 1C 00 00 00 00 00

001:015:000:STREAM             1639132935.425789
 06 00 00 00 00 00 00 00

001:015:000:STREAM             1639132935.697793
 06 01 1C 00 00 00 00 00

001:015:000:STREAM             1639132935.849810
 06 00 00 00 00 00 00 00

001:015:000:STREAM             1639132936.077778
 06 01 1C 00 00 00 00 00

001:015:000:STREAM             1639132936.217720
 06 00 00 00 00 00 00 00

001:015:000:STREAM             1639132936.537777
 06 01 1C 00 00 00 00 00

001:015:000:STREAM             1639132936.677787
 06 00 00 00 00 00 00 00

001:015:000:STREAM             1639132936.885702
 06 01 1C 00 00 00 00 00

001:015:000:STREAM             1639132937.049733
 06 00 00 00 00 00 00 00

001:015:000:STREAM             1639132937.353801
 06 01 1C 00 00 00 00 00

001:015:000:STREAM             1639132937.513530
 06 00 00 00 00 00 00 00

001:015:000:STREAM             1639132937.737756
 06 01 1C 00 00 00 00 00

001:015:000:STREAM             1639132937.849741
 06 00 00 00 00 00 00 00

001:015:000:STREAM             1639132938.085742
 06 01 1C 00 00 00 00 00

001:015:000:STREAM             1639132938.173731
 06 00 00 00 00 00 00 00

001:015:000:STREAM             1639132938.437756
 06 01 1C 00 00 00 00 00

001:015:000:STREAM             1639132938.545719
 06 00 00 00 00 00 00 00

001:015:000:STREAM             1639132938.801765
 06 01 1C 00 00 00 00 00

001:015:000:STREAM             1639132938.889741
 06 00 00 00 00 00 00 00

001:015:000:STREAM             1639132939.177754
 06 01 1C 00 00 00 00 00

001:015:000:STREAM             1639132939.289747
 06 00 00 00 00 00 00 00

001:015:000:STREAM             1639132939.581700
 06 01 1C 00 00 00 00 00

001:015:000:STREAM             1639132939.693745
 06 00 00 00 00 00 00 00

001:015:000:STREAM             1639132939.941751
 06 01 1C 00 00 00 00 00

001:015:000:STREAM             1639132940.037730
 06 00 00 00 00 00 00 00

001:015:000:STREAM             1639132940.325759
 06 01 1C 00 00 00 00 00

001:015:000:STREAM             1639132940.433685
 06 00 00 00 00 00 00 00

001:015:000:STREAM             1639132940.805772
 06 01 1C 00 00 00 00 00

001:015:000:STREAM             1639132940.873748
 06 00 00 00 00 00 00 00

001:015:000:STREAM             1639132941.105755
 06 01 1C 00 00 00 00 00

001:015:000:STREAM             1639132941.209774
 06 00 00 00 00 00 00 00

001:015:000:STREAM             1639132941.433764
 06 01 1C 00 00 00 00 00

001:015:000:STREAM             1639132941.497593
 06 00 00 00 00 00 00 00

001:015:000:STREAM             1639132941.705744
 06 01 1C 00 00 00 00 00

001:015:000:STREAM             1639132941.833732
 06 00 00 00 00 00 00 00

001:015:000:STREAM             1639132942.065723
 06 01 1C 00 00 00 00 00

001:015:000:STREAM             1639132942.196594
 06 00 00 00 00 00 00 00

001:015:000:STREAM             1639132942.421817
 06 01 1C 00 00 00 00 00

001:015:000:STREAM             1639132942.553722
 06 00 00 00 00 00 00 00

001:015:000:STREAM             1639132942.745811
 06 01 1C 00 00 00 00 00

001:015:000:STREAM             1639132942.869793
 06 00 00 00 00 00 00 00

001:015:000:STREAM             1639132943.105800
 06 01 1C 00 00 00 00 00

001:015:000:STREAM             1639132943.221723
 06 00 00 00 00 00 00 00

001:015:000:STREAM             1639132943.429736
 06 01 1C 00 00 00 00 00

001:015:000:STREAM             1639132943.549559
 06 00 00 00 00 00 00 00

001:015:000:STREAM             1639132943.881829
 06 01 1C 00 00 00 00 00

001:015:000:STREAM             1639132944.005618
 06 00 00 00 00 00 00 00

001:015:000:STREAM             1639132944.209809
 06 01 1C 00 00 00 00 00

001:015:000:STREAM             1639132944.325807
 06 00 00 00 00 00 00 00

001:015:000:STREAM             1639132944.573717
 06 01 1C 00 00 00 00 00

001:015:000:STREAM             1639132944.745824
 06 00 00 00 00 00 00 00

001:015:000:STREAM             1639132944.973802
 06 01 1C 00 00 00 00 00

001:015:000:STREAM             1639132945.077817
 06 00 00 00 00 00 00 00

001:015:000:STREAM             1639132945.329802
 06 01 1C 00 00 00 00 00

001:015:000:STREAM             1639132945.449823
 06 00 00 00 00 00 00 00

001:015:000:STREAM             1639132945.665822
 06 01 1C 00 00 00 00 00

001:015:000:STREAM             1639132945.769728
 06 00 00 00 00 00 00 00

001:015:000:STREAM             1639132945.981834
 06 01 1C 00 00 00 00 00

001:015:000:STREAM             1639132946.133642
 06 00 00 00 00 00 00 00

001:015:000:STREAM             1639132946.529722
 06 01 1C 00 00 00 00 00

001:015:000:STREAM             1639132946.633839
 06 00 00 00 00 00 00 00

001:015:000:STREAM             1639132946.865818
 06 01 1C 00 00 00 00 00

001:015:000:STREAM             1639132946.985846
 06 00 00 00 00 00 00 00

001:015:000:STREAM             1639132947.233834
 06 01 1C 00 00 00 00 00

001:015:000:STREAM             1639132947.385840
 06 00 00 00 00 00 00 00

001:015:000:STREAM             1639132947.549729
 06 01 1C 00 00 00 00 00

001:015:000:STREAM             1639132947.705826
 06 00 00 00 00 00 00 00

001:015:000:STREAM             1639132947.949816
 06 01 1C 00 00 00 00 00

001:015:000:STREAM             1639132948.077808
 06 00 00 00 00 00 00 00

001:015:000:STREAM             1639132948.305805
 06 01 1C 00 00 00 00 00

001:015:000:STREAM             1639132948.397812
 06 00 00 00 00 00 00 00

001:015:000:STREAM             1639132948.629836
 06 01 1C 00 00 00 00 00

001:015:000:STREAM             1639132948.753837
 06 00 00 00 00 00 00 00

001:015:000:STREAM             1639132948.977820
 06 01 1C 00 00 00 00 00

001:015:000:STREAM             1639132949.113726
 06 00 00 00 00 00 00 00

001:015:000:STREAM             1639132949.381837
 06 01 1C 00 00 00 00 00

001:015:000:STREAM             1639132949.477605
 06 00 00 00 00 00 00 00

001:015:000:STREAM             1639132949.709843
 06 01 1C 00 00 00 00 00

001:015:000:STREAM             1639132949.781790
 06 00 00 00 00 00 00 00

001:015:000:STREAM             1639132950.209856
 06 01 1C 00 00 00 00 00

001:015:000:STREAM             1639132950.357829
 06 00 00 00 00 00 00 00

001:015:000:STREAM             1639132950.597832
 06 01 1C 00 00 00 00 00

001:015:000:STREAM             1639132950.705839
 06 00 00 00 00 00 00 00

001:015:000:STREAM             1639132950.949825
 06 01 1C 00 00 00 00 00

001:015:000:STREAM             1639132951.097858
 06 00 00 00 00 00 00 00

001:015:000:STREAM             1639132951.309848
 06 01 1C 00 00 00 00 00

001:015:000:STREAM             1639132951.429837
 06 00 00 00 00 00 00 00

001:015:000:STREAM             1639132951.669826
 06 01 1C 00 00 00 00 00

001:015:000:STREAM             1639132951.801785
 06 00 00 00 00 00 00 00

001:015:000:STREAM             1639132952.025825
 06 01 1C 00 00 00 00 00

001:015:000:STREAM             1639132952.149843
 06 00 00 00 00 00 00 00

001:015:000:STREAM             1639132952.409753
 06 01 1C 00 00 00 00 00

001:015:000:STREAM             1639132952.533835
 06 00 00 00 00 00 00 00

001:015:000:STREAM             1639132952.773840
 06 01 1C 00 00 00 00 00

001:015:000:STREAM             1639132952.877832
 06 00 00 00 00 00 00 00

001:015:000:STREAM             1639132953.109841
 06 01 1C 00 00 00 00 00

001:015:000:STREAM             1639132953.221852
 06 00 00 00 00 00 00 00

001:015:000:STREAM             1639132953.421837
 06 01 1C 00 00 00 00 00

001:015:000:STREAM             1639132953.541621
 06 00 00 00 00 00 00 00

001:015:000:STREAM             1639132953.749795
 06 01 1C 00 00 00 00 00

001:015:000:STREAM             1639132953.833808
 06 00 00 00 00 00 00 00

001:015:000:STREAM             1639132954.169735
 06 01 1C 00 00 00 00 00

001:015:000:STREAM             1639132954.297773
 06 00 00 00 00 00 00 00

001:015:000:STREAM             1639132954.517807
 06 01 1C 00 00 00 00 00

001:015:000:STREAM             1639132954.649836
 06 00 00 00 00 00 00 00

001:015:000:STREAM             1639132954.893832
 06 01 1C 00 00 00 00 00

001:015:000:STREAM             1639132954.989803
 06 00 00 00 00 00 00 00

001:015:000:STREAM             1639132955.265808
 06 01 1C 00 00 00 00 00

001:015:000:STREAM             1639132955.401823
 06 00 00 00 00 00 00 00

001:015:000:STREAM             1639132955.693811
 06 01 1C 00 00 00 00 00

001:015:000:STREAM             1639132955.817826
 06 00 00 00 00 00 00 00

001:015:000:STREAM             1639132956.073809
 06 01 1C 00 00 00 00 00

001:015:000:STREAM             1639132956.209805
 06 00 00 00 00 00 00 00

001:015:000:STREAM             1639132956.497710
 06 01 1C 00 00 00 00 00

001:015:000:STREAM             1639132956.593783
 06 00 00 00 00 00 00 00

001:015:000:STREAM             1639132957.085838
 06 01 1C 00 00 00 00 00

001:015:000:STREAM             1639132957.221806
 06 00 00 00 00 00 00 00

001:015:000:STREAM             1639132957.489663
 06 01 1C 00 00 00 00 00

001:015:000:STREAM             1639132957.585782
 06 00 00 00 00 00 00 00

001:015:000:STREAM             1639132957.841817
 06 01 1C 00 00 00 00 00

001:015:000:STREAM             1639132957.953810
 06 00 00 00 00 00 00 00

001:015:000:STREAM             1639132958.281827
 06 01 1C 00 00 00 00 00

001:015:000:STREAM             1639132958.409698
 06 00 00 00 00 00 00 00

001:015:000:STREAM             1639132958.689806
 06 01 1C 00 00 00 00 00

001:015:000:STREAM             1639132958.801827
 06 00 00 00 00 00 00 00

001:015:000:STREAM             1639132959.085828
 06 01 1C 00 00 00 00 00

001:015:000:STREAM             1639132959.205725
 06 00 00 00 00 00 00 00

001:015:000:STREAM             1639132959.449841
 06 01 1C 00 00 00 00 00

001:015:000:STREAM             1639132959.549738
 06 00 00 00 00 00 00 00

001:015:000:STREAM             1639132959.877813
 06 01 1C 00 00 00 00 00

001:015:000:STREAM             1639132959.993823
 06 00 00 00 00 00 00 00

001:015:000:STREAM             1639132960.245833
 06 01 1C 00 00 00 00 00

001:015:000:STREAM             1639132960.381827
 06 00 00 00 00 00 00 00

001:015:000:STREAM             1639132960.745827
 06 01 1C 00 00 00 00 00

001:015:000:STREAM             1639132960.873763
 06 00 00 00 00 00 00 00

001:015:000:STREAM             1639132961.077828
 06 01 1C 00 00 00 00 00

001:015:000:STREAM             1639132961.209816
 06 00 00 00 00 00 00 00

001:015:000:STREAM             1639132961.437863
 06 01 1C 00 00 00 00 00

001:015:000:STREAM             1639132961.561750
 06 00 00 00 00 00 00 00

001:015:000:STREAM             1639132961.837835
 06 01 1C 00 00 00 00 00

001:015:000:STREAM             1639132961.961854
 06 00 00 00 00 00 00 00

001:015:000:STREAM             1639132962.393844
 06 01 1C 00 00 00 00 00

001:015:000:STREAM             1639132962.509822
 06 00 00 00 00 00 00 00

001:015:000:STREAM             1639132962.721838
 06 01 1C 00 00 00 00 00

001:015:000:STREAM             1639132962.865855
 06 00 00 00 00 00 00 00

001:015:000:STREAM             1639132963.065829
 06 01 1C 00 00 00 00 00

001:015:000:STREAM             1639132963.165829
 06 00 00 00 00 00 00 00

001:015:000:STREAM             1639132963.449842
 06 01 1C 00 00 00 00 00

001:015:000:STREAM             1639132963.601679
 06 00 00 00 00 00 00 00

001:015:000:STREAM             1639132963.801828
 06 01 1C 00 00 00 00 00

001:015:000:STREAM             1639132963.925828
 06 00 00 00 00 00 00 00

001:015:000:STREAM             1639132964.273826
 06 01 1C 00 00 00 00 00

001:015:000:STREAM             1639132964.389839
 06 00 00 00 00 00 00 00

