001:015:000:STREAM             1639132696.968983
 06 01 16 00 00 00 00 00

001:015:000:STREAM             1639132697.088846
 06 00 00 00 00 00 00 00

001:015:000:STREAM             1639132697.425014
 06 01 16 00 00 00 00 00

001:015:000:STREAM             1639132697.505002
 06 00 00 00 00 00 00 00

001:015:000:STREAM             1639132697.801014
 06 01 16 00 00 00 00 00

001:015:000:STREAM             1639132697.909003
 06 00 00 00 00 00 00 00

001:015:000:STREAM             1639132698.520976
 06 01 16 00 00 00 00 00

001:015:000:STREAM             1639132698.597007
 06 00 00 00 00 00 00 00

001:015:000:STREAM             1639132698.857023
 06 01 16 00 00 00 00 00

001:015:000:STREAM             1639132698.981008
 06 00 00 00 00 00 00 00

001:015:000:STREAM             1639132699.328800
 06 01 16 00 00 00 00 00

001:015:000:STREAM             1639132699.412911
 06 00 00 00 00 00 00 00

001:015:000:STREAM             1639132699.792967
 06 01 16 00 00 00 00 00

001:015:000:STREAM             1639132699.908977
 06 00 00 00 00 00 00 00

001:015:000:STREAM             1639132700.400985
 06 01 16 00 00 00 00 00

001:015:000:STREAM             1639132700.524832
 06 00 00 00 00 00 00 00

001:015:000:STREAM             1639132700.776967
 06 01 16 00 00 00 00 00

001:015:000:STREAM             1639132700.888885
 06 00 00 00 00 00 00 00

001:015:000:STREAM             1639132701.145000
 06 01 16 00 00 00 00 00

001:015:000:STREAM             1639132701.240971
 06 00 00 00 00 00 00 00

001:015:000:STREAM             1639132701.552975
 06 01 16 00 00 00 00 00

001:015:000:STREAM             1639132701.656989
 06 00 00 00 00 00 00 00

001:015:000:STREAM             1639132701.908915
 06 01 16 00 00 00 00 00

001:015:000:STREAM             1639132702.000914
 06 00 00 00 00 00 00 00

001:015:000:STREAM             1639132702.260993
 06 01 16 00 00 00 00 00

001:015:000:STREAM             1639132702.397011
 06 00 00 00 00 00 00 00

001:015:000:STREAM             1639132702.656996
 06 01 16 00 00 00 00 00

001:015:000:STREAM             1639132702.761006
 06 00 00 00 00 00 00 00

001:015:000:STREAM             1639132703.064835
 06 01 16 00 00 00 00 00

001:015:000:STREAM             1639132703.176991
 06 00 00 00 00 00 00 00

001:015:000:STREAM             1639132703.429067
 06 01 16 00 00 00 00 00

001:015:000:STREAM             1639132703.536940
 06 00 00 00 00 00 00 00

001:015:000:STREAM             1639132703.801047
 06 01 16 00 00 00 00 00

001:015:000:STREAM             1639132703.897025
 06 00 00 00 00 00 00 00

001:015:000:STREAM             1639132704.117054
 06 01 16 00 00 00 00 00

001:015:000:STREAM             1639132704.256921
 06 00 00 00 00 00 00 00

001:015:000:STREAM             1639132704.545035
 06 01 16 00 00 00 00 00

001:015:000:STREAM             1639132704.661003
 06 00 00 00 00 00 00 00

001:015:000:STREAM             1639132704.952955
 06 01 16 00 00 00 00 00

001:015:000:STREAM             1639132705.052820
 06 00 00 00 00 00 00 00

001:015:000:STREAM             1639132705.292978
 06 01 16 00 00 00 00 00

001:015:000:STREAM             1639132705.409032
 06 00 00 00 00 00 00 00

001:015:000:STREAM             1639132705.741044
 06 01 16 00 00 00 00 00

001:015:000:STREAM             1639132705.848957
 06 00 00 00 00 00 00 00

001:015:000:STREAM             1639132706.117049
 06 01 16 00 00 00 00 00

001:015:000:STREAM             1639132706.240975
 06 00 00 00 00 00 00 00

001:015:000:STREAM             1639132706.505071
 06 01 16 00 00 00 00 00

001:015:000:STREAM             1639132706.601027
 06 00 00 00 00 00 00 00

001:015:000:STREAM             1639132707.004913
 06 01 16 00 00 00 00 00

001:015:000:STREAM             1639132707.088852
 06 00 00 00 00 00 00 00

001:015:000:STREAM             1639132707.349000
 06 01 16 00 00 00 00 00

001:015:000:STREAM             1639132707.473024
 06 00 00 00 00 00 00 00

001:015:000:STREAM             1639132707.812951
 06 01 16 00 00 00 00 00

001:015:000:STREAM             1639132707.912922
 06 00 00 00 00 00 00 00

001:015:000:STREAM             1639132708.213005
 06 01 16 00 00 00 00 00

001:015:000:STREAM             1639132708.349012
 06 00 00 00 00 00 00 00

001:015:000:STREAM             1639132708.612917
 06 01 16 00 00 00 00 00

001:015:000:STREAM             1639132708.749033
 06 00 00 00 00 00 00 00

001:015:000:STREAM             1639132709.024837
 06 01 16 00 00 00 00 00

001:015:000:STREAM             1639132709.148981
 06 00 00 00 00 00 00 00

001:015:000:STREAM             1639132709.461003
 06 01 16 00 00 00 00 00

001:015:000:STREAM             1639132709.589011
 06 00 00 00 00 00 00 00

001:015:000:STREAM             1639132709.857015
 06 01 16 00 00 00 00 00

001:015:000:STREAM             1639132709.972921
 06 00 00 00 00 00 00 00

001:015:000:STREAM             1639132710.244850
 06 01 16 00 00 00 00 00

001:015:000:STREAM             1639132710.373009
 06 00 00 00 00 00 00 00

001:015:000:STREAM             1639132710.669024
 06 01 16 00 00 00 00 00

001:015:000:STREAM             1639132710.789030
 06 00 00 00 00 00 00 00

001:015:000:STREAM             1639132711.052839
 06 01 16 00 00 00 00 00

001:015:000:STREAM             1639132711.172951
 06 00 00 00 00 00 00 00

001:015:000:STREAM             1639132711.437052
 06 01 16 00 00 00 00 00

001:015:000:STREAM             1639132711.569006
 06 00 00 00 00 00 00 00

001:015:000:STREAM             1639132711.825052
 06 01 16 00 00 00 00 00

001:015:000:STREAM             1639132711.949050
 06 00 00 00 00 00 00 00

001:015:000:STREAM             1639132712.241062
 06 01 16 00 00 00 00 00

001:015:000:STREAM             1639132712.368924
 06 00 00 00 00 00 00 00

001:015:000:STREAM             1639132712.649097
 06 01 16 00 00 00 00 00

001:015:000:STREAM             1639132712.761100
 06 00 00 00 00 00 00 00

001:015:000:STREAM             1639132713.032817
 06 01 16 00 00 00 00 00

001:015:000:STREAM             1639132713.148931
 06 00 00 00 00 00 00 00

001:015:000:STREAM             1639132713.453060
 06 01 16 00 00 00 00 00

001:015:000:STREAM             1639132713.557032
 06 00 00 00 00 00 00 00

001:015:000:STREAM             1639132713.824976
 06 01 16 00 00 00 00 00

001:015:000:STREAM             1639132713.913038
 06 00 00 00 00 00 00 00

001:015:000:STREAM             1639132714.221032
 06 01 16 00 00 00 00 00

001:015:000:STREAM             1639132714.332951
 06 00 00 00 00 00 00 00

001:015:000:STREAM             1639132714.641051
 06 01 16 00 00 00 00 00

001:015:000:STREAM             1639132714.729050
 06 00 00 00 00 00 00 00

001:015:000:STREAM             1639132715.024859
 06 01 16 00 00 00 00 00

001:015:000:STREAM             1639132715.144985
 06 00 00 00 00 00 00 00

001:015:000:STREAM             1639132715.404953
 06 01 16 00 00 00 00 00

001:015:000:STREAM             1639132715.512897
 06 00 00 00 00 00 00 00

001:015:000:STREAM             1639132715.757040
 06 01 16 00 00 00 00 00

001:015:000:STREAM             1639132715.821020
 06 00 00 00 00 00 00 00

001:015:000:STREAM             1639132716.033019
 06 01 16 00 00 00 00 00

001:015:000:STREAM             1639132716.185043
 06 00 00 00 00 00 00 00

001:015:000:STREAM             1639132716.449055
 06 01 16 00 00 00 00 00

001:015:000:STREAM             1639132716.596911
 06 00 00 00 00 00 00 00

001:015:000:STREAM             1639132716.857041
 06 01 16 00 00 00 00 00

001:015:000:STREAM             1639132716.969056
 06 00 00 00 00 00 00 00

001:015:000:STREAM             1639132717.212937
 06 01 16 00 00 00 00 00

001:015:000:STREAM             1639132717.344967
 06 00 00 00 00 00 00 00

001:015:000:STREAM             1639132717.569062
 06 01 16 00 00 00 00 00

001:015:000:STREAM             1639132717.709084
 06 00 00 00 00 00 00 00

001:015:000:STREAM             1639132717.972975
 06 01 16 00 00 00 00 00

001:015:000:STREAM             1639132718.108870
 06 00 00 00 00 00 00 00

001:015:000:STREAM             1639132718.340897
 06 01 16 00 00 00 00 00

001:015:000:STREAM             1639132718.480970
 06 00 00 00 00 00 00 00

001:015:000:STREAM             1639132718.741064
 06 01 16 00 00 00 00 00

001:015:000:STREAM             1639132718.852924
 06 00 00 00 00 00 00 00

001:015:000:STREAM             1639132719.209057
 06 01 16 00 00 00 00 00

001:015:000:STREAM             1639132719.328866
 06 00 00 00 00 00 00 00

001:015:000:STREAM             1639132719.521014
 06 01 16 00 00 00 00 00

001:015:000:STREAM             1639132719.693034
 06 00 00 00 00 00 00 00

001:015:000:STREAM             1639132719.873022
 06 01 16 00 00 00 00 00

001:015:000:STREAM             1639132720.017008
 06 00 00 00 00 00 00 00

001:015:000:STREAM             1639132720.193081
 06 01 16 00 00 00 00 00

001:015:000:STREAM             1639132720.329084
 06 00 00 00 00 00 00 00

001:015:000:STREAM             1639132720.605119
 06 01 16 00 00 00 00 00

001:015:000:STREAM             1639132720.741101
 06 00 00 00 00 00 00 00

001:015:000:STREAM             1639132720.972984
 06 01 16 00 00 00 00 00

001:015:000:STREAM             1639132721.060869
 06 00 00 00 00 00 00 00

001:015:000:STREAM             1639132721.337024
 06 01 16 00 00 00 00 00

001:015:000:STREAM             1639132721.464946
 06 00 00 00 00 00 00 00

001:015:000:STREAM             1639132721.709101
 06 01 16 00 00 00 00 00

001:015:000:STREAM             1639132721.841086
 06 00 00 00 00 00 00 00

001:015:000:STREAM             1639132722.061085
 06 01 16 00 00 00 00 00

001:015:000:STREAM             1639132722.173094
 06 00 00 00 00 00 00 00

001:015:000:STREAM             1639132722.457101
 06 01 16 00 00 00 00 00

001:015:000:STREAM             1639132722.589096
 06 00 00 00 00 00 00 00

001:015:000:STREAM             1639132722.837118
 06 01 16 00 00 00 00 00

001:015:000:STREAM             1639132722.961126
 06 00 00 00 00 00 00 00

001:015:000:STREAM             1639132723.225002
 06 01 16 00 00 00 00 00

001:015:000:STREAM             1639132723.289086
 06 00 00 00 00 00 00 00

001:015:000:STREAM             1639132723.608979
 06 01 16 00 00 00 00 00

001:015:000:STREAM             1639132723.725048
 06 00 00 00 00 00 00 00

001:015:000:STREAM             1639132724.045090
 06 01 16 00 00 00 00 00

001:015:000:STREAM             1639132724.133110
 06 00 00 00 00 00 00 00

001:015:000:STREAM             1639132724.420975
 06 01 16 00 00 00 00 00

001:015:000:STREAM             1639132724.521091
 06 00 00 00 00 00 00 00

001:015:000:STREAM             1639132724.813109
 06 01 16 00 00 00 00 00

001:015:000:STREAM             1639132724.897105
 06 00 00 00 00 00 00 00

001:015:000:STREAM             1639132725.245094
 06 01 16 00 00 00 00 00

001:015:000:STREAM             1639132725.333112
 06 00 00 00 00 00 00 00

001:015:000:STREAM             1639132725.597104
 06 01 16 00 00 00 00 00

001:015:000:STREAM             1639132725.693112
 06 00 00 00 00 00 00 00

001:015:000:STREAM             1639132725.961130
 06 01 16 00 00 00 00 00

001:015:000:STREAM             1639132726.053096
 06 00 00 00 00 00 00 00

001:015:000:STREAM             1639132726.344942
 06 01 16 00 00 00 00 00

001:015:000:STREAM             1639132726.441123
 06 00 00 00 00 00 00 00

001:015:000:STREAM             1639132727.012899
 06 01 16 00 00 00 00 00

001:015:000:STREAM             1639132727.121078
 06 00 00 00 00 00 00 00

001:015:000:STREAM             1639132727.393131
 06 01 16 00 00 00 00 00

001:015:000:STREAM             1639132727.509102
 06 00 00 00 00 00 00 00

001:015:000:STREAM             1639132727.865027
 06 01 16 00 00 00 00 00

001:015:000:STREAM             1639132727.937115
 06 00 00 00 00 00 00 00

001:015:000:STREAM             1639132728.301095
 06 01 16 00 00 00 00 00

001:015:000:STREAM             1639132728.421088
 06 00 00 00 00 00 00 00

001:015:000:STREAM             1639132728.677112
 06 01 16 00 00 00 00 00

001:015:000:STREAM             1639132728.789106
 06 00 00 00 00 00 00 00

001:015:000:STREAM             1639132729.108969
 06 01 16 00 00 00 00 00

001:015:000:STREAM             1639132729.205110
 06 00 00 00 00 00 00 00

001:015:000:STREAM             1639132729.461111
 06 01 16 00 00 00 00 00

001:015:000:STREAM             1639132729.573126
 06 00 00 00 00 00 00 00

001:015:000:STREAM             1639132729.873111
 06 01 16 00 00 00 00 00

001:015:000:STREAM             1639132730.005004
 06 00 00 00 00 00 00 00

001:015:000:STREAM             1639132730.313125
 06 01 16 00 00 00 00 00

001:015:000:STREAM             1639132730.401113
 06 00 00 00 00 00 00 00

001:015:000:STREAM             1639132730.681136
 06 01 16 00 00 00 00 00

001:015:000:STREAM             1639132730.825119
 06 00 00 00 00 00 00 00

001:015:000:STREAM             1639132731.052905
 06 01 16 00 00 00 00 00

001:015:000:STREAM             1639132731.153014
 06 00 00 00 00 00 00 00

001:015:000:STREAM             1639132731.509134
 06 01 16 00 00 00 00 00

001:015:000:STREAM             1639132731.621148
 06 00 00 00 00 00 00 00

001:015:000:STREAM             1639132731.881176
 06 01 16 00 00 00 00 00

001:015:000:STREAM             1639132731.993136
 06 00 00 00 00 00 00 00

001:015:000:STREAM             1639132732.341134
 06 01 16 00 00 00 00 00

001:015:000:STREAM             1639132732.429117
 06 00 00 00 00 00 00 00

001:015:000:STREAM             1639132732.849137
 06 01 16 00 00 00 00 00

001:015:000:STREAM             1639132732.937024
 06 00 00 00 00 00 00 00

001:015:000:STREAM             1639132733.245119
 06 01 16 00 00 00 00 00

001:015:000:STREAM             1639132733.381142
 06 00 00 00 00 00 00 00

001:015:000:STREAM             1639132733.668979
 06 01 16 00 00 00 00 00

001:015:000:STREAM             1639132733.773092
 06 00 00 00 00 00 00 00

001:015:000:STREAM             1639132734.033075
 06 01 16 00 00 00 00 00

001:015:000:STREAM             1639132734.177005
 06 00 00 00 00 00 00 00

001:015:000:STREAM             1639132734.477113
 06 01 16 00 00 00 00 00

001:015:000:STREAM             1639132734.585110
 06 00 00 00 00 00 00 00

001:015:000:STREAM             1639132734.945088
 06 01 16 00 00 00 00 00

001:015:000:STREAM             1639132735.048916
 06 00 00 00 00 00 00 00

001:015:000:STREAM             1639132735.336984
 06 01 16 00 00 00 00 00

001:015:000:STREAM             1639132735.453115
 06 00 00 00 00 00 00 00

001:015:000:STREAM             1639132735.789107
 06 01 16 00 00 00 00 00

001:015:000:STREAM             1639132735.889007
 06 00 00 00 00 00 00 00

001:015:000:STREAM             1639132736.177026
 06 01 16 00 00 00 00 00

001:015:000:STREAM             1639132736.245091
 06 00 00 00 00 00 00 00

001:015:000:STREAM             1639132736.561094
 06 01 16 00 00 00 00 00

001:015:000:STREAM             1639132736.681092
 06 00 00 00 00 00 00 00

001:015:000:STREAM             1639132737.040928
 06 01 16 00 00 00 00 00

001:015:000:STREAM             1639132737.133034
 06 00 00 00 00 00 00 00

001:015:000:STREAM             1639132737.413135
 06 01 16 00 00 00 00 00

001:015:000:STREAM             1639132737.525096
 06 00 00 00 00 00 00 00

001:015:000:STREAM             1639132737.833095
 06 01 16 00 00 00 00 00

001:015:000:STREAM             1639132737.905090
 06 00 00 00 00 00 00 00

001:015:000:STREAM             1639132738.181121
 06 01 16 00 00 00 00 00

001:015:000:STREAM             1639132738.277098
 06 00 00 00 00 00 00 00

001:015:000:STREAM             1639132738.609007
 06 01 16 00 00 00 00 00

001:015:000:STREAM             1639132738.709017
 06 00 00 00 00 00 00 00

001:015:000:STREAM             1639132738.989106
 06 01 16 00 00 00 00 00

001:015:000:STREAM             1639132739.085079
 06 00 00 00 00 00 00 00

001:015:000:STREAM             1639132739.373106
 06 01 16 00 00 00 00 00

001:015:000:STREAM             1639132739.465125
 06 00 00 00 00 00 00 00

001:015:000:STREAM             1639132739.865039
 06 01 16 00 00 00 00 00

001:015:000:STREAM             1639132739.981128
 06 00 00 00 00 00 00 00

001:015:000:STREAM             1639132740.245122
 06 01 16 00 00 00 00 00

001:015:000:STREAM             1639132740.377054
 06 00 00 00 00 00 00 00

001:015:000:STREAM             1639132740.657120
 06 01 16 00 00 00 00 00

001:015:000:STREAM             1639132740.765118
 06 00 00 00 00 00 00 00

001:015:000:STREAM             1639132741.285119
 06 01 16 00 00 00 00 00

001:015:000:STREAM             1639132741.397120
 06 00 00 00 00 00 00 00

001:015:000:STREAM             1639132741.629010
 06 01 16 00 00 00 00 00

001:015:000:STREAM             1639132741.765029
 06 00 00 00 00 00 00 00

001:015:000:STREAM             1639132742.033014
 06 01 16 00 00 00 00 00

001:015:000:STREAM             1639132742.145044
 06 00 00 00 00 00 00 00

001:015:000:STREAM             1639132742.405124
 06 01 16 00 00 00 00 00

001:015:000:STREAM             1639132742.529124
 06 00 00 00 00 00 00 00

001:015:000:STREAM             1639132742.813135
 06 01 16 00 00 00 00 00

001:015:000:STREAM             1639132742.909113
 06 00 00 00 00 00 00 00

001:015:000:STREAM             1639132743.229119
 06 01 16 00 00 00 00 00

001:015:000:STREAM             1639132743.321115
 06 00 00 00 00 00 00 00

001:015:000:STREAM             1639132743.609019
 06 01 16 00 00 00 00 00

001:015:000:STREAM             1639132743.729101
 06 00 00 00 00 00 00 00

001:015:000:STREAM             1639132744.001028
 06 01 16 00 00 00 00 00

001:015:000:STREAM             1639132744.089146
 06 00 00 00 00 00 00 00

001:015:000:STREAM             1639132744.441089
 06 01 16 00 00 00 00 00

001:015:000:STREAM             1639132744.525159
 06 00 00 00 00 00 00 00

001:015:000:STREAM             1639132744.809080
 06 01 16 00 00 00 00 00

001:015:000:STREAM             1639132744.925196
 06 00 00 00 00 00 00 00

001:015:000:STREAM             1639132745.233070
 06 01 16 00 00 00 00 00

001:015:000:STREAM             1639132745.349175
 06 00 00 00 00 00 00 00

001:015:000:STREAM             1639132745.589195
 06 01 16 00 00 00 00 00

001:015:000:STREAM             1639132745.685173
 06 00 00 00 00 00 00 00

001:015:000:STREAM             1639132745.901184
 06 01 16 00 00 00 00 00

001:015:000:STREAM             1639132746.029079
 06 00 00 00 00 00 00 00

001:015:000:STREAM             1639132746.333227
 06 01 16 00 00 00 00 00

001:015:000:STREAM             1639132746.441028
 06 00 00 00 00 00 00 00

001:015:000:STREAM             1639132746.717182
 06 01 16 00 00 00 00 00

001:015:000:STREAM             1639132746.813182
 06 00 00 00 00 00 00 00

001:015:000:STREAM             1639132747.101083
 06 01 16 00 00 00 00 00

001:015:000:STREAM             1639132747.201199
 06 00 00 00 00 00 00 00

001:015:000:STREAM             1639132747.501205
 06 01 16 00 00 00 00 00

001:015:000:STREAM             1639132747.641032
 06 00 00 00 00 00 00 00

001:015:000:STREAM             1639132747.913188
 06 01 16 00 00 00 00 00

001:015:000:STREAM             1639132748.021032
 06 00 00 00 00 00 00 00

001:015:000:STREAM             1639132748.273170
 06 01 16 00 00 00 00 00

001:015:000:STREAM             1639132748.385192
 06 00 00 00 00 00 00 00

001:015:000:STREAM             1639132748.665192
 06 01 16 00 00 00 00 00

001:015:000:STREAM             1639132748.793166
 06 00 00 00 00 00 00 00

001:015:000:STREAM             1639132749.052983
 06 01 16 00 00 00 00 00

001:015:000:STREAM             1639132749.157165
 06 00 00 00 00 00 00 00

001:015:000:STREAM             1639132749.449101
 06 01 16 00 00 00 00 00

001:015:000:STREAM             1639132749.565170
 06 00 00 00 00 00 00 00

001:015:000:STREAM             1639132749.889180
 06 01 16 00 00 00 00 00

001:015:000:STREAM             1639132749.997188
 06 00 00 00 00 00 00 00

001:015:000:STREAM             1639132750.301172
 06 01 16 00 00 00 00 00

001:015:000:STREAM             1639132750.401100
 06 00 00 00 00 00 00 00

001:015:000:STREAM             1639132750.857200
 06 01 16 00 00 00 00 00

001:015:000:STREAM             1639132750.953175
 06 00 00 00 00 00 00 00

001:015:000:STREAM             1639132751.209201
 06 01 16 00 00 00 00 00

001:015:000:STREAM             1639132751.349082
 06 00 00 00 00 00 00 00

001:015:000:STREAM             1639132751.645072
 06 01 16 00 00 00 00 00

001:015:000:STREAM             1639132751.729189
 06 00 00 00 00 00 00 00

001:015:000:STREAM             1639132752.081199
 06 01 16 00 00 00 00 00

001:015:000:STREAM             1639132752.197179
 06 00 00 00 00 00 00 00

001:015:000:STREAM             1639132752.501156
 06 01 16 00 00 00 00 00

001:015:000:STREAM             1639132752.589194
 06 00 00 00 00 00 00 00

001:015:000:STREAM             1639132752.989220
 06 01 16 00 00 00 00 00

001:015:000:STREAM             1639132753.080948
 06 00 00 00 00 00 00 00

001:015:000:STREAM             1639132753.361219
 06 01 16 00 00 00 00 00

001:015:000:STREAM             1639132753.445197
 06 00 00 00 00 00 00 00

001:015:000:STREAM             1639132753.729114
 06 01 16 00 00 00 00 00

001:015:000:STREAM             1639132753.841187
 06 00 00 00 00 00 00 00

001:015:000:STREAM             1639132754.221187
 06 01 16 00 00 00 00 00

001:015:000:STREAM             1639132754.329201
 06 00 00 00 00 00 00 00

001:015:000:STREAM             1639132754.617210
 06 01 16 00 00 00 00 00

001:015:000:STREAM             1639132754.709188
 06 00 00 00 00 00 00 00

001:015:000:STREAM             1639132755.040986
 06 01 16 00 00 00 00 00

001:015:000:STREAM             1639132755.157081
 06 00 00 00 00 00 00 00

001:015:000:STREAM             1639132755.921187
 06 01 16 00 00 00 00 00

001:015:000:STREAM             1639132755.981097
 06 00 00 00 00 00 00 00

